 1   2
 1   4
 1   6
 1   7
 1   9
 1   12
 1   16
 1   17
 2   1
 2   4
 2   6
 2   7
 2   8
 2   9
 2   12
 2   13
 2   16
 2   17
 3   5
 3   8
 3   10
 3   11
 3   14
 3   15
 3   18
 3   19
 3   20
 4   1
 4   2
 4   6
 4   8
 4   9
 4   10
 4   12
 4   13
 4   16
 4   17
 4   18
 5   3
 5   6
 5   8
 5   10
 5   11
 5   12
 5   14
 5   15
 5   17
 5   18
 5   20
 6   1
 6   2
 6   4
 6   5
 6   7
 6   9
 6   12
 6   13
 6   16
 6   17
 7   1
 7   2
 7   6
 7   9
 7   12
 7   13
 7   16
 7   17
 8   2
 8   3
 8   4
 8   5
 8   10
 8   11
 8   14
 8   15
 8   18
 8   19
 9   1
 9   2
 9   4
 9   6
 9   7
 9   12
 9   13
 9   16
 9   17
 10   3
 10   4
 10   5
 10   8
 10   11
 10   14
 10   15
 10   18
 10   19
 10   20
 11   3
 11   5
 11   8
 11   10
 11   14
 11   15
 11   18
 11   19
 11   20
 12   1
 12   2
 12   4
 12   5
 12   6
 12   7
 12   9
 12   13
 12   14
 12   16
 12   17
 13   2
 13   4
 13   6
 13   7
 13   9
 13   12
 13   17
 14   3
 14   5
 14   8
 14   10
 14   11
 14   12
 14   15
 14   18
 14   19
 14   20
 15   3
 15   5
 15   8
 15   10
 15   11
 15   14
 15   18
 15   19
 15   20
 16   1
 16   2
 16   4
 16   6
 16   7
 16   9
 16   12
 16   17
 17   1
 17   2
 17   4
 17   5
 17   6
 17   7
 17   9
 17   12
 17   13
 17   16
 18   3
 18   4
 18   5
 18   8
 18   10
 18   11
 18   14
 18   15
 18   19
 18   20
 19   3
 19   8
 19   10
 19   11
 19   14
 19   15
 19   18
 19   20
 20   3
 20   5
 20   10
 20   11
 20   14
 20   15
 20   18
 20   19
