 1   2
 1   3
 1   5
 1   6
 1   8
 1   10
 1   11
 1   12
 1   13
 1   16
 1   17
 1   19
 2   1
 2   5
 2   6
 2   10
 2   12
 2   13
 2   14
 2   17
 3   1
 3   5
 3   6
 3   10
 3   12
 3   13
 3   14
 3   16
 3   17
 4   7
 4   8
 4   11
 4   14
 4   15
 4   18
 4   19
 4   20
 5   1
 5   2
 5   3
 5   6
 5   10
 5   12
 5   13
 5   16
 5   17
 6   1
 6   2
 6   3
 6   5
 6   10
 6   12
 6   13
 6   16
 6   17
 7   4
 7   8
 7   9
 7   11
 7   14
 7   15
 7   17
 7   18
 7   19
 7   20
 8   1
 8   4
 8   7
 8   9
 8   11
 8   14
 8   15
 8   18
 8   19
 8   20
 9   7
 9   8
 9   11
 9   14
 9   15
 9   18
 9   19
 9   20
 10   1
 10   2
 10   3
 10   5
 10   6
 10   12
 10   13
 10   14
 10   16
 10   17
 11   1
 11   4
 11   7
 11   8
 11   9
 11   14
 11   15
 11   18
 11   19
 11   20
 12   1
 12   2
 12   3
 12   5
 12   6
 12   10
 12   13
 12   16
 12   17
 13   1
 13   2
 13   3
 13   5
 13   6
 13   10
 13   12
 13   16
 13   17
 14   2
 14   3
 14   4
 14   7
 14   8
 14   9
 14   10
 14   11
 14   15
 14   19
 14   20
 15   4
 15   7
 15   8
 15   9
 15   11
 15   14
 15   18
 15   19
 15   20
 16   1
 16   3
 16   5
 16   6
 16   10
 16   12
 16   13
 16   17
 16   18
 17   1
 17   2
 17   3
 17   5
 17   6
 17   7
 17   10
 17   12
 17   13
 17   16
 18   4
 18   7
 18   8
 18   9
 18   11
 18   15
 18   16
 18   19
 18   20
 19   1
 19   4
 19   7
 19   8
 19   9
 19   11
 19   14
 19   15
 19   18
 19   20
 20   4
 20   7
 20   8
 20   9
 20   11
 20   14
 20   15
 20   18
 20   19
