 1   2
 1   4
 1   6
 1   9
 1   11
 1   12
 1   15
 1   16
 1   17
 1   18
 2   1
 2   4
 2   6
 2   11
 2   14
 2   15
 2   16
 2   17
 2   18
 3   5
 3   6
 3   7
 3   8
 3   9
 3   10
 3   13
 3   19
 3   20
 4   1
 4   2
 4   6
 4   11
 4   12
 4   13
 4   14
 4   15
 4   17
 4   18
 5   3
 5   7
 5   8
 5   9
 5   10
 5   14
 5   19
 5   20
 6   1
 6   2
 6   3
 6   4
 6   11
 6   12
 6   15
 6   16
 6   17
 6   18
 7   3
 7   5
 7   8
 7   9
 7   10
 7   13
 7   14
 7   18
 7   19
 8   3
 8   5
 8   7
 8   9
 8   13
 8   14
 8   19
 8   20
 9   1
 9   3
 9   5
 9   7
 9   8
 9   10
 9   13
 9   14
 9   15
 9   19
 9   20
 10   3
 10   5
 10   7
 10   9
 10   13
 10   14
 10   19
 10   20
 11   1
 11   2
 11   4
 11   6
 11   12
 11   15
 11   17
 11   18
 12   1
 12   4
 12   6
 12   11
 12   15
 12   16
 12   17
 12   18
 13   3
 13   4
 13   7
 13   8
 13   9
 13   10
 13   14
 13   19
 13   20
 14   2
 14   4
 14   5
 14   7
 14   8
 14   9
 14   10
 14   13
 14   19
 14   20
 15   1
 15   2
 15   4
 15   6
 15   9
 15   11
 15   12
 15   16
 15   17
 15   18
 15   19
 16   1
 16   2
 16   6
 16   12
 16   15
 16   17
 16   18
 17   1
 17   2
 17   4
 17   6
 17   11
 17   12
 17   15
 17   16
 18   1
 18   2
 18   4
 18   6
 18   7
 18   11
 18   12
 18   15
 18   16
 19   3
 19   5
 19   7
 19   8
 19   9
 19   10
 19   13
 19   14
 19   15
 20   3
 20   5
 20   8
 20   9
 20   10
 20   13
 20   14
