 1   2
 1   6
 1   7
 1   10
 1   14
 1   16
 1   17
 1   18
 1   19
 2   1
 2   6
 2   7
 2   10
 2   14
 2   15
 2   16
 2   17
 2   19
 3   4
 3   5
 3   8
 3   9
 3   11
 3   12
 3   13
 3   15
 3   19
 3   20
 4   3
 4   5
 4   8
 4   9
 4   11
 4   12
 4   13
 4   15
 5   3
 5   4
 5   8
 5   9
 5   11
 5   12
 5   13
 5   15
 5   20
 6   1
 6   2
 6   7
 6   10
 6   14
 6   15
 6   16
 6   17
 6   18
 7   1
 7   2
 7   6
 7   9
 7   10
 7   11
 7   14
 7   16
 7   17
 7   18
 7   19
 8   3
 8   4
 8   5
 8   9
 8   11
 8   12
 8   13
 8   15
 8   20
 9   3
 9   4
 9   5
 9   7
 9   8
 9   12
 9   13
 9   15
 9   20
 10   1
 10   2
 10   6
 10   7
 10   14
 10   16
 10   17
 10   18
 10   19
 11   3
 11   4
 11   5
 11   7
 11   8
 11   12
 11   13
 11   15
 11   20
 12   3
 12   4
 12   5
 12   8
 12   9
 12   11
 12   13
 12   15
 13   3
 13   4
 13   5
 13   8
 13   9
 13   11
 13   12
 13   15
 13   19
 14   1
 14   2
 14   6
 14   7
 14   10
 14   16
 14   17
 14   18
 14   19
 14   20
 15   2
 15   3
 15   4
 15   5
 15   6
 15   8
 15   9
 15   11
 15   12
 15   13
 15   20
 16   1
 16   2
 16   6
 16   7
 16   10
 16   14
 16   17
 16   18
 16   19
 17   1
 17   2
 17   6
 17   7
 17   10
 17   14
 17   16
 17   18
 17   19
 17   20
 18   1
 18   6
 18   7
 18   10
 18   14
 18   16
 18   17
 18   19
 19   1
 19   2
 19   3
 19   7
 19   10
 19   13
 19   14
 19   16
 19   17
 19   18
 20   3
 20   5
 20   8
 20   9
 20   11
 20   14
 20   15
 20   17
