 1   5
 1   8
 1   9
 1   10
 1   11
 1   12
 1   13
 1   18
 1   19
 1   20
 2   6
 2   7
 2   12
 2   14
 2   16
 2   17
 2   19
 3   4
 3   6
 3   7
 3   14
 3   15
 3   16
 3   17
 3   19
 4   3
 4   6
 4   7
 4   14
 4   15
 4   16
 4   17
 4   19
 5   1
 5   8
 5   9
 5   11
 5   12
 5   13
 5   18
 5   20
 6   2
 6   3
 6   4
 6   7
 6   14
 6   15
 6   16
 6   17
 6   19
 7   2
 7   3
 7   4
 7   6
 7   10
 7   14
 7   15
 7   16
 8   1
 8   5
 8   9
 8   10
 8   11
 8   12
 8   13
 8   18
 8   20
 9   1
 9   5
 9   8
 9   10
 9   11
 9   12
 9   13
 9   18
 9   19
 9   20
 10   1
 10   7
 10   8
 10   9
 10   11
 10   13
 10   18
 10   20
 11   1
 11   5
 11   8
 11   9
 11   10
 11   12
 11   13
 11   16
 11   18
 11   20
 12   1
 12   2
 12   5
 12   8
 12   9
 12   11
 12   13
 12   20
 13   1
 13   5
 13   8
 13   9
 13   10
 13   11
 13   12
 13   17
 13   20
 14   2
 14   3
 14   4
 14   6
 14   7
 14   15
 14   16
 14   17
 14   18
 14   19
 15   3
 15   4
 15   6
 15   7
 15   14
 15   16
 15   17
 15   18
 16   2
 16   3
 16   4
 16   6
 16   7
 16   11
 16   14
 16   15
 16   17
 16   19
 17   2
 17   3
 17   4
 17   6
 17   13
 17   14
 17   15
 17   16
 18   1
 18   5
 18   8
 18   9
 18   10
 18   11
 18   14
 18   15
 18   20
 19   1
 19   2
 19   3
 19   4
 19   6
 19   9
 19   14
 19   16
 20   1
 20   5
 20   8
 20   9
 20   10
 20   11
 20   12
 20   13
 20   18
