 1   2
 1   5
 1   6
 1   9
 1   10
 1   12
 1   16
 1   17
 1   19
 1   20
 2   1
 2   3
 2   5
 2   7
 2   9
 2   10
 2   12
 2   16
 2   17
 2   19
 2   20
 3   2
 3   4
 3   6
 3   7
 3   8
 3   11
 3   13
 3   14
 3   18
 4   3
 4   7
 4   8
 4   9
 4   11
 4   13
 4   14
 4   15
 4   17
 4   18
 5   1
 5   2
 5   9
 5   10
 5   16
 5   17
 5   19
 5   20
 6   1
 6   3
 6   7
 6   8
 6   11
 6   13
 6   14
 6   15
 6   18
 7   2
 7   3
 7   4
 7   6
 7   8
 7   11
 7   13
 7   14
 7   15
 7   18
 8   3
 8   4
 8   6
 8   7
 8   11
 8   13
 8   14
 8   15
 8   16
 8   18
 9   1
 9   2
 9   4
 9   5
 9   10
 9   12
 9   16
 9   17
 9   19
 9   20
 10   1
 10   2
 10   5
 10   9
 10   16
 10   17
 10   19
 10   20
 11   3
 11   4
 11   6
 11   7
 11   8
 11   13
 11   14
 11   15
 11   18
 12   1
 12   2
 12   9
 12   15
 12   16
 12   17
 12   19
 12   20
 13   3
 13   4
 13   6
 13   7
 13   8
 13   11
 13   15
 13   18
 13   19
 14   3
 14   4
 14   6
 14   7
 14   8
 14   11
 14   15
 14   18
 15   4
 15   6
 15   7
 15   8
 15   11
 15   12
 15   13
 15   14
 15   18
 16   1
 16   2
 16   5
 16   8
 16   9
 16   10
 16   12
 16   17
 16   19
 16   20
 17   1
 17   2
 17   4
 17   5
 17   9
 17   10
 17   12
 17   16
 17   19
 18   3
 18   4
 18   6
 18   7
 18   8
 18   11
 18   13
 18   14
 18   15
 19   1
 19   2
 19   5
 19   9
 19   10
 19   12
 19   13
 19   16
 19   17
 19   20
 20   1
 20   2
 20   5
 20   9
 20   10
 20   12
 20   16
 20   19
