 1   8
 1   9
 1   11
 1   12
 1   14
 1   15
 1   16
 1   17
 2   3
 2   5
 2   6
 2   7
 2   10
 2   13
 2   18
 2   19
 2   20
 3   2
 3   5
 3   7
 3   10
 3   11
 3   12
 3   13
 3   19
 3   20
 4   8
 4   9
 4   11
 4   12
 4   14
 4   15
 4   16
 4   17
 4   19
 5   2
 5   3
 5   6
 5   7
 5   10
 5   13
 5   18
 5   19
 6   2
 6   5
 6   10
 6   13
 6   18
 6   19
 6   20
 7   2
 7   3
 7   5
 7   10
 7   13
 7   18
 7   19
 7   20
 8   1
 8   4
 8   9
 8   11
 8   14
 8   15
 8   16
 8   17
 9   1
 9   4
 9   8
 9   11
 9   12
 9   14
 9   15
 9   16
 9   17
 10   2
 10   3
 10   5
 10   6
 10   7
 10   13
 10   14
 10   18
 10   19
 10   20
 11   1
 11   3
 11   4
 11   8
 11   9
 11   14
 11   15
 11   16
 11   17
 12   1
 12   3
 12   4
 12   9
 12   14
 12   15
 12   16
 12   17
 12   19
 13   2
 13   3
 13   5
 13   6
 13   7
 13   10
 13   19
 13   20
 14   1
 14   4
 14   8
 14   9
 14   10
 14   11
 14   12
 14   15
 14   16
 14   17
 14   20
 15   1
 15   4
 15   8
 15   9
 15   11
 15   12
 15   14
 15   16
 15   17
 15   18
 15   20
 16   1
 16   4
 16   8
 16   9
 16   11
 16   12
 16   14
 16   15
 17   1
 17   4
 17   8
 17   9
 17   11
 17   12
 17   14
 17   15
 18   2
 18   5
 18   6
 18   7
 18   10
 18   15
 18   19
 18   20
 19   2
 19   3
 19   4
 19   5
 19   6
 19   7
 19   10
 19   12
 19   13
 19   18
 19   20
 20   2
 20   3
 20   6
 20   7
 20   10
 20   13
 20   14
 20   15
 20   18
 20   19
