 1   3
 1   6
 1   7
 1   9
 1   11
 1   13
 1   14
 1   16
 1   19
 1   20
 2   6
 2   7
 2   9
 2   11
 2   14
 2   16
 2   19
 2   20
 3   1
 3   4
 3   5
 3   10
 3   12
 3   13
 3   15
 3   17
 3   18
 4   3
 4   5
 4   8
 4   12
 4   13
 4   15
 4   17
 4   18
 5   3
 5   4
 5   8
 5   10
 5   12
 5   13
 5   15
 5   17
 5   18
 6   1
 6   2
 6   7
 6   9
 6   11
 6   14
 6   16
 6   17
 6   19
 6   20
 7   1
 7   2
 7   6
 7   9
 7   11
 7   14
 7   16
 7   19
 7   20
 8   4
 8   5
 8   11
 8   12
 8   13
 8   15
 8   17
 8   18
 9   1
 9   2
 9   6
 9   7
 9   10
 9   11
 9   14
 9   16
 9   19
 9   20
 10   3
 10   5
 10   9
 10   12
 10   15
 10   17
 10   18
 11   1
 11   2
 11   6
 11   7
 11   8
 11   9
 11   14
 11   16
 11   20
 12   3
 12   4
 12   5
 12   8
 12   10
 12   13
 12   15
 12   16
 12   17
 12   18
 12   19
 13   1
 13   3
 13   4
 13   5
 13   8
 13   12
 13   15
 13   17
 13   18
 14   1
 14   2
 14   6
 14   7
 14   9
 14   11
 14   15
 14   16
 14   19
 15   3
 15   4
 15   5
 15   8
 15   10
 15   12
 15   13
 15   14
 15   17
 15   18
 16   1
 16   2
 16   6
 16   7
 16   9
 16   11
 16   12
 16   14
 16   20
 17   3
 17   4
 17   5
 17   6
 17   8
 17   10
 17   12
 17   13
 17   15
 17   18
 18   3
 18   4
 18   5
 18   8
 18   10
 18   12
 18   13
 18   15
 18   17
 19   1
 19   2
 19   6
 19   7
 19   9
 19   12
 19   14
 19   20
 20   1
 20   2
 20   6
 20   7
 20   9
 20   11
 20   16
 20   19
