 1   2
 1   6
 1   9
 1   10
 1   11
 1   12
 1   15
 1   17
 1   18
 2   1
 2   4
 2   5
 2   7
 2   8
 2   13
 2   14
 2   16
 2   19
 2   20
 3   6
 3   8
 3   9
 3   10
 3   11
 3   12
 3   15
 3   17
 3   18
 4   2
 4   5
 4   7
 4   8
 4   13
 4   14
 4   16
 4   19
 4   20
 5   2
 5   4
 5   7
 5   8
 5   12
 5   13
 5   14
 5   16
 5   19
 5   20
 6   1
 6   3
 6   9
 6   10
 6   11
 6   13
 6   15
 6   17
 6   18
 7   2
 7   4
 7   5
 7   8
 7   11
 7   13
 7   14
 7   16
 7   19
 7   20
 8   2
 8   3
 8   4
 8   5
 8   7
 8   13
 8   14
 8   16
 8   19
 8   20
 9   1
 9   3
 9   6
 9   10
 9   11
 9   12
 9   15
 9   17
 9   18
 9   19
 9   20
 10   1
 10   3
 10   6
 10   9
 10   11
 10   12
 10   15
 10   17
 10   18
 11   1
 11   3
 11   6
 11   7
 11   9
 11   10
 11   15
 11   18
 12   1
 12   3
 12   5
 12   9
 12   10
 12   15
 12   17
 12   18
 13   2
 13   4
 13   5
 13   6
 13   7
 13   8
 13   14
 13   16
 13   18
 13   19
 13   20
 14   2
 14   4
 14   5
 14   7
 14   8
 14   13
 14   16
 14   19
 14   20
 15   1
 15   3
 15   6
 15   9
 15   10
 15   11
 15   12
 15   17
 15   18
 16   2
 16   4
 16   5
 16   7
 16   8
 16   13
 16   14
 16   19
 16   20
 17   1
 17   3
 17   6
 17   9
 17   10
 17   12
 17   15
 17   18
 18   1
 18   3
 18   6
 18   9
 18   10
 18   11
 18   12
 18   13
 18   15
 18   17
 19   2
 19   4
 19   5
 19   7
 19   8
 19   9
 19   13
 19   14
 19   16
 19   20
 20   2
 20   4
 20   5
 20   7
 20   8
 20   9
 20   13
 20   14
 20   16
 20   19
