 1   4
 1   5
 1   6
 1   7
 1   12
 1   13
 1   15
 1   17
 1   19
 1   20
 2   3
 2   7
 2   8
 2   9
 2   11
 2   12
 2   14
 2   16
 2   18
 3   2
 3   7
 3   8
 3   9
 3   11
 3   12
 3   14
 3   18
 4   1
 4   5
 4   6
 4   10
 4   13
 4   14
 4   15
 4   16
 4   19
 4   20
 5   1
 5   4
 5   6
 5   10
 5   13
 5   15
 5   17
 5   19
 5   20
 6   1
 6   4
 6   5
 6   10
 6   13
 6   15
 6   17
 6   19
 7   1
 7   2
 7   3
 7   8
 7   9
 7   11
 7   12
 7   14
 7   16
 7   17
 7   18
 8   2
 8   3
 8   7
 8   9
 8   11
 8   12
 8   14
 8   16
 8   18
 9   2
 9   3
 9   7
 9   8
 9   11
 9   12
 9   14
 9   18
 10   4
 10   5
 10   6
 10   13
 10   15
 10   17
 10   19
 10   20
 11   2
 11   3
 11   7
 11   8
 11   9
 11   12
 11   14
 11   16
 11   18
 12   1
 12   2
 12   3
 12   7
 12   8
 12   9
 12   11
 12   14
 12   16
 12   17
 12   18
 13   1
 13   4
 13   5
 13   6
 13   10
 13   15
 13   17
 13   19
 13   20
 14   2
 14   3
 14   4
 14   7
 14   8
 14   9
 14   11
 14   12
 14   15
 14   16
 14   18
 15   1
 15   4
 15   5
 15   6
 15   10
 15   13
 15   14
 15   16
 15   17
 15   19
 15   20
 16   2
 16   4
 16   7
 16   8
 16   11
 16   12
 16   14
 16   15
 16   18
 17   1
 17   5
 17   6
 17   7
 17   10
 17   12
 17   13
 17   15
 17   19
 17   20
 18   2
 18   3
 18   7
 18   8
 18   9
 18   11
 18   12
 18   14
 18   16
 19   1
 19   4
 19   5
 19   6
 19   10
 19   13
 19   15
 19   17
 19   20
 20   1
 20   4
 20   5
 20   10
 20   13
 20   15
 20   17
 20   19
