 1   4
 1   10
 1   13
 1   15
 1   17
 1   20
 2   3
 2   5
 2   7
 2   8
 2   10
 2   11
 2   14
 2   15
 2   16
 2   18
 2   19
 3   2
 3   5
 3   7
 3   8
 3   11
 3   14
 3   16
 3   18
 3   19
 4   1
 4   6
 4   9
 4   10
 4   12
 4   13
 4   15
 4   17
 4   20
 5   2
 5   3
 5   7
 5   8
 5   9
 5   11
 5   14
 5   17
 5   18
 5   19
 6   4
 6   9
 6   10
 6   12
 6   13
 6   15
 6   17
 6   19
 6   20
 7   2
 7   3
 7   5
 7   8
 7   11
 7   14
 7   16
 7   18
 7   19
 8   2
 8   3
 8   5
 8   7
 8   11
 8   12
 8   14
 8   16
 8   18
 8   19
 9   4
 9   5
 9   6
 9   12
 9   13
 9   15
 9   17
 9   18
 9   20
 10   1
 10   2
 10   4
 10   6
 10   12
 10   13
 10   15
 10   17
 10   20
 11   2
 11   3
 11   5
 11   7
 11   8
 11   14
 11   16
 11   19
 12   4
 12   6
 12   8
 12   9
 12   10
 12   13
 12   17
 12   20
 13   1
 13   4
 13   6
 13   9
 13   10
 13   12
 13   15
 13   17
 13   20
 14   2
 14   3
 14   5
 14   7
 14   8
 14   11
 14   16
 14   18
 14   19
 15   1
 15   2
 15   4
 15   6
 15   9
 15   10
 15   13
 15   16
 15   17
 15   20
 16   2
 16   3
 16   7
 16   8
 16   11
 16   14
 16   15
 16   18
 16   19
 17   1
 17   4
 17   5
 17   6
 17   9
 17   10
 17   12
 17   13
 17   15
 17   20
 18   2
 18   3
 18   5
 18   7
 18   8
 18   9
 18   14
 18   16
 18   19
 19   2
 19   3
 19   5
 19   6
 19   7
 19   8
 19   11
 19   14
 19   16
 19   18
 20   1
 20   4
 20   6
 20   9
 20   10
 20   12
 20   13
 20   15
 20   17
