 1   2
 1   4
 1   6
 1   11
 1   16
 1   17
 1   18
 1   19
 1   20
 2   1
 2   4
 2   10
 2   11
 2   13
 2   15
 2   17
 2   18
 2   19
 2   20
 3   5
 3   6
 3   7
 3   8
 3   9
 3   12
 3   15
 3   16
 3   20
 4   1
 4   2
 4   9
 4   10
 4   11
 4   13
 4   17
 4   18
 4   20
 5   3
 5   6
 5   7
 5   8
 5   9
 5   12
 5   14
 5   15
 5   16
 6   1
 6   3
 6   5
 6   7
 6   8
 6   9
 6   12
 6   14
 6   15
 6   16
 7   3
 7   5
 7   6
 7   8
 7   9
 7   11
 7   12
 7   14
 7   15
 7   16
 8   3
 8   5
 8   6
 8   7
 8   9
 8   12
 8   13
 8   14
 8   15
 8   16
 8   17
 9   3
 9   4
 9   5
 9   6
 9   7
 9   8
 9   12
 9   14
 9   15
 9   16
 10   2
 10   4
 10   11
 10   13
 10   18
 10   19
 10   20
 11   1
 11   2
 11   4
 11   7
 11   10
 11   17
 11   18
 11   19
 11   20
 12   3
 12   5
 12   6
 12   7
 12   8
 12   9
 12   14
 12   15
 12   16
 13   2
 13   4
 13   8
 13   10
 13   17
 13   18
 13   19
 13   20
 14   5
 14   6
 14   7
 14   8
 14   9
 14   12
 14   16
 15   2
 15   3
 15   5
 15   6
 15   7
 15   8
 15   9
 15   12
 15   16
 16   1
 16   3
 16   5
 16   6
 16   7
 16   8
 16   9
 16   12
 16   14
 16   15
 17   1
 17   2
 17   4
 17   8
 17   11
 17   13
 17   18
 17   19
 17   20
 18   1
 18   2
 18   4
 18   10
 18   11
 18   13
 18   17
 18   19
 18   20
 19   1
 19   2
 19   10
 19   11
 19   13
 19   17
 19   18
 19   20
 20   1
 20   2
 20   3
 20   4
 20   10
 20   11
 20   13
 20   17
 20   18
 20   19
