 1   5
 1   7
 1   10
 1   11
 1   12
 1   14
 1   15
 1   19
 1   20
 2   3
 2   4
 2   5
 2   6
 2   9
 2   12
 2   13
 2   16
 2   17
 2   18
 3   2
 3   4
 3   6
 3   8
 3   9
 3   12
 3   13
 3   16
 3   17
 3   18
 4   2
 4   3
 4   6
 4   9
 4   12
 4   13
 4   16
 4   17
 4   18
 4   19
 5   1
 5   2
 5   7
 5   10
 5   11
 5   14
 5   15
 5   18
 5   19
 5   20
 6   2
 6   3
 6   4
 6   9
 6   12
 6   16
 6   17
 6   18
 7   1
 7   5
 7   8
 7   10
 7   11
 7   14
 7   15
 7   17
 7   19
 7   20
 8   3
 8   7
 8   10
 8   11
 8   14
 8   15
 8   19
 9   2
 9   3
 9   4
 9   6
 9   12
 9   13
 9   16
 9   17
 10   1
 10   5
 10   7
 10   8
 10   11
 10   14
 10   15
 10   19
 10   20
 11   1
 11   5
 11   7
 11   8
 11   10
 11   14
 11   15
 11   17
 11   19
 11   20
 12   1
 12   2
 12   3
 12   4
 12   6
 12   9
 12   13
 12   16
 12   17
 12   18
 13   2
 13   3
 13   4
 13   9
 13   12
 13   16
 13   17
 13   18
 14   1
 14   5
 14   7
 14   8
 14   10
 14   11
 14   15
 14   19
 14   20
 15   1
 15   5
 15   7
 15   8
 15   10
 15   11
 15   14
 15   19
 15   20
 16   2
 16   3
 16   4
 16   6
 16   9
 16   12
 16   13
 16   17
 16   18
 16   20
 17   2
 17   3
 17   4
 17   6
 17   7
 17   9
 17   11
 17   12
 17   13
 17   16
 17   18
 18   2
 18   3
 18   4
 18   5
 18   6
 18   12
 18   13
 18   16
 18   17
 19   1
 19   4
 19   5
 19   7
 19   8
 19   10
 19   11
 19   14
 19   15
 20   1
 20   5
 20   7
 20   10
 20   11
 20   14
 20   15
 20   16
