 1   2
 1   3
 1   4
 1   6
 1   8
 1   11
 1   14
 1   15
 1   17
 2   1
 2   3
 2   4
 2   8
 2   9
 2   11
 2   13
 2   14
 2   15
 2   17
 3   1
 3   2
 3   4
 3   5
 3   7
 3   8
 3   11
 3   14
 3   15
 3   17
 4   1
 4   2
 4   3
 4   8
 4   11
 4   14
 4   15
 4   16
 4   17
 5   3
 5   7
 5   9
 5   10
 5   11
 5   12
 5   13
 5   16
 5   18
 5   19
 5   20
 6   1
 6   8
 6   9
 6   11
 6   14
 6   17
 7   3
 7   5
 7   9
 7   10
 7   12
 7   13
 7   16
 7   18
 7   19
 7   20
 8   1
 8   2
 8   3
 8   4
 8   6
 8   11
 8   14
 8   15
 8   17
 9   2
 9   5
 9   6
 9   7
 9   10
 9   12
 9   13
 9   16
 9   18
 9   19
 9   20
 10   5
 10   7
 10   9
 10   12
 10   13
 10   16
 10   19
 10   20
 11   1
 11   2
 11   3
 11   4
 11   5
 11   6
 11   8
 11   14
 11   15
 11   17
 12   5
 12   7
 12   9
 12   10
 12   13
 12   15
 12   16
 12   18
 12   20
 13   2
 13   5
 13   7
 13   9
 13   10
 13   12
 13   16
 13   18
 13   19
 13   20
 14   1
 14   2
 14   3
 14   4
 14   6
 14   8
 14   11
 14   15
 14   17
 15   1
 15   2
 15   3
 15   4
 15   8
 15   11
 15   12
 15   14
 16   4
 16   5
 16   7
 16   9
 16   10
 16   12
 16   13
 16   18
 16   20
 17   1
 17   2
 17   3
 17   4
 17   6
 17   8
 17   11
 17   14
 18   5
 18   7
 18   9
 18   12
 18   13
 18   16
 18   19
 18   20
 19   5
 19   7
 19   9
 19   10
 19   13
 19   18
 19   20
 20   5
 20   7
 20   9
 20   10
 20   12
 20   13
 20   16
 20   18
 20   19
