 1   2
 1   3
 1   6
 1   7
 1   8
 1   10
 1   13
 1   17
 1   20
 2   1
 2   3
 2   4
 2   9
 2   10
 2   13
 2   20
 3   1
 3   2
 3   4
 3   6
 3   7
 3   8
 3   10
 3   13
 3   17
 3   20
 4   2
 4   3
 4   5
 4   7
 4   8
 4   9
 4   10
 4   13
 4   14
 4   17
 4   20
 5   4
 5   6
 5   9
 5   11
 5   12
 5   14
 5   15
 5   16
 5   18
 6   1
 6   3
 6   5
 6   11
 6   12
 6   14
 6   15
 6   16
 6   18
 6   19
 6   20
 7   1
 7   3
 7   4
 7   8
 7   10
 7   13
 7   17
 8   1
 8   3
 8   4
 8   7
 8   10
 8   13
 8   17
 9   2
 9   4
 9   5
 9   11
 9   12
 9   14
 9   15
 9   16
 10   1
 10   2
 10   3
 10   4
 10   7
 10   8
 10   17
 10   20
 11   5
 11   6
 11   9
 11   12
 11   14
 11   15
 11   16
 11   18
 11   19
 12   5
 12   6
 12   9
 12   11
 12   14
 12   15
 12   16
 12   18
 12   19
 13   1
 13   2
 13   3
 13   4
 13   7
 13   8
 13   17
 14   4
 14   5
 14   6
 14   9
 14   11
 14   12
 14   15
 14   16
 14   18
 14   19
 15   5
 15   6
 15   9
 15   11
 15   12
 15   14
 15   16
 15   18
 15   19
 15   20
 16   5
 16   6
 16   9
 16   11
 16   12
 16   14
 16   15
 16   18
 16   19
 17   1
 17   3
 17   4
 17   7
 17   8
 17   10
 17   13
 17   20
 18   5
 18   6
 18   11
 18   12
 18   14
 18   15
 18   16
 18   19
 19   6
 19   11
 19   12
 19   14
 19   15
 19   16
 19   18
 20   1
 20   2
 20   3
 20   4
 20   6
 20   10
 20   15
 20   17
