 1   4
 1   5
 1   7
 1   9
 1   10
 1   15
 1   18
 1   19
 2   3
 2   10
 2   11
 2   14
 2   16
 3   2
 3   4
 3   6
 3   10
 3   13
 3   14
 3   16
 3   17
 3   20
 4   1
 4   3
 4   5
 4   7
 4   8
 4   9
 4   15
 4   18
 4   19
 5   1
 5   4
 5   7
 5   8
 5   9
 5   12
 5   15
 5   18
 6   3
 6   12
 6   13
 6   14
 6   16
 6   17
 6   20
 7   1
 7   4
 7   5
 7   9
 7   12
 7   15
 7   18
 7   19
 8   4
 8   5
 8   9
 8   12
 8   15
 8   18
 8   19
 9   1
 9   4
 9   5
 9   7
 9   8
 9   15
 9   18
 9   19
 9   20
 10   1
 10   2
 10   3
 10   11
 10   13
 10   14
 10   16
 10   17
 10   20
 11   2
 11   10
 11   13
 11   14
 11   16
 11   17
 11   20
 12   5
 12   6
 12   7
 12   8
 12   14
 12   15
 12   18
 12   19
 13   3
 13   6
 13   10
 13   11
 13   14
 13   16
 13   17
 13   20
 14   2
 14   3
 14   6
 14   10
 14   11
 14   12
 14   13
 14   15
 14   16
 14   20
 15   1
 15   4
 15   5
 15   7
 15   8
 15   9
 15   12
 15   14
 15   18
 15   19
 16   2
 16   3
 16   6
 16   10
 16   11
 16   13
 16   14
 16   17
 16   19
 16   20
 17   3
 17   6
 17   10
 17   11
 17   13
 17   16
 17   20
 18   1
 18   4
 18   5
 18   7
 18   8
 18   9
 18   12
 18   15
 18   19
 19   1
 19   4
 19   7
 19   8
 19   9
 19   12
 19   15
 19   16
 19   18
 19   20
 20   3
 20   6
 20   9
 20   10
 20   11
 20   13
 20   14
 20   16
 20   17
 20   19
