 1   3
 1   10
 1   12
 1   13
 1   14
 1   16
 1   20
 2   3
 2   11
 2   12
 2   13
 2   14
 2   16
 2   17
 2   20
 3   1
 3   2
 3   10
 3   12
 3   13
 3   17
 3   20
 4   7
 4   9
 4   11
 4   15
 4   18
 4   19
 5   6
 5   7
 5   8
 5   11
 5   15
 5   16
 5   18
 6   5
 6   7
 6   8
 6   9
 6   11
 6   15
 6   18
 7   4
 7   5
 7   6
 7   9
 7   11
 7   14
 7   15
 7   17
 7   18
 7   19
 8   5
 8   6
 8   9
 8   11
 8   15
 8   17
 8   18
 8   19
 9   4
 9   6
 9   7
 9   8
 9   11
 9   15
 9   18
 9   19
 10   1
 10   3
 10   12
 10   13
 10   14
 10   16
 10   17
 10   20
 11   2
 11   4
 11   5
 11   6
 11   7
 11   8
 11   9
 11   15
 11   18
 11   19
 12   1
 12   2
 12   3
 12   10
 12   13
 12   14
 12   16
 12   17
 12   18
 12   19
 12   20
 13   1
 13   2
 13   3
 13   10
 13   12
 13   14
 13   16
 13   20
 14   1
 14   2
 14   7
 14   10
 14   12
 14   13
 14   16
 14   17
 14   20
 15   4
 15   5
 15   6
 15   7
 15   8
 15   9
 15   11
 15   18
 16   1
 16   2
 16   5
 16   10
 16   12
 16   13
 16   14
 16   17
 16   20
 17   2
 17   3
 17   7
 17   8
 17   10
 17   12
 17   14
 17   16
 17   20
 18   4
 18   5
 18   6
 18   7
 18   8
 18   9
 18   11
 18   12
 18   15
 18   19
 18   20
 19   4
 19   7
 19   8
 19   9
 19   11
 19   12
 19   18
 20   1
 20   2
 20   3
 20   10
 20   12
 20   13
 20   14
 20   16
 20   17
 20   18
