 1   2
 1   4
 1   6
 1   8
 1   10
 1   12
 1   14
 1   18
 1   20
 2   1
 2   4
 2   6
 2   8
 2   10
 2   11
 2   12
 2   14
 2   18
 2   20
 3   5
 3   7
 3   9
 3   11
 3   12
 3   13
 3   15
 3   16
 3   17
 3   19
 4   1
 4   2
 4   6
 4   7
 4   8
 4   10
 4   12
 4   14
 4   18
 4   20
 5   3
 5   7
 5   9
 5   11
 5   13
 5   15
 5   16
 5   17
 5   19
 6   1
 6   2
 6   4
 6   8
 6   10
 6   12
 6   14
 6   18
 6   20
 7   3
 7   4
 7   5
 7   11
 7   13
 7   15
 7   16
 7   17
 8   1
 8   2
 8   4
 8   6
 8   10
 8   11
 8   12
 8   14
 8   16
 8   18
 8   20
 9   3
 9   5
 9   10
 9   11
 9   13
 9   15
 9   16
 9   17
 9   19
 10   1
 10   2
 10   4
 10   6
 10   8
 10   9
 10   12
 10   20
 11   2
 11   3
 11   5
 11   7
 11   8
 11   9
 11   15
 11   16
 11   17
 11   19
 12   1
 12   2
 12   3
 12   4
 12   6
 12   8
 12   10
 12   14
 12   15
 12   18
 12   20
 13   3
 13   5
 13   7
 13   9
 13   15
 13   16
 13   17
 14   1
 14   2
 14   4
 14   6
 14   8
 14   12
 14   18
 14   20
 15   3
 15   5
 15   7
 15   9
 15   11
 15   12
 15   13
 15   16
 15   17
 15   18
 15   19
 16   3
 16   5
 16   7
 16   8
 16   9
 16   11
 16   13
 16   15
 16   17
 16   19
 17   3
 17   5
 17   7
 17   9
 17   11
 17   13
 17   15
 17   16
 18   1
 18   2
 18   4
 18   6
 18   8
 18   12
 18   14
 18   15
 18   20
 19   3
 19   5
 19   9
 19   11
 19   15
 19   16
 20   1
 20   2
 20   4
 20   6
 20   8
 20   10
 20   12
 20   14
 20   18
