 1   2
 1   3
 1   5
 1   6
 1   8
 1   9
 1   13
 1   14
 1   18
 2   1
 2   3
 2   5
 2   6
 2   8
 2   9
 2   14
 2   18
 2   19
 3   1
 3   2
 3   5
 3   6
 3   8
 3   9
 3   13
 3   14
 3   18
 4   6
 4   10
 4   11
 4   12
 4   15
 4   16
 4   17
 4   19
 4   20
 5   1
 5   2
 5   3
 5   6
 5   8
 5   9
 5   13
 5   14
 5   18
 6   1
 6   2
 6   3
 6   4
 6   5
 6   8
 6   14
 6   18
 6   20
 7   10
 7   11
 7   12
 7   15
 7   16
 7   17
 7   19
 7   20
 8   1
 8   2
 8   3
 8   5
 8   6
 8   9
 8   13
 8   14
 8   18
 9   1
 9   2
 9   3
 9   5
 9   8
 9   13
 9   14
 9   18
 10   4
 10   7
 10   11
 10   15
 10   16
 10   17
 10   19
 10   20
 11   4
 11   7
 11   10
 11   12
 11   15
 11   16
 11   17
 11   20
 12   4
 12   7
 12   11
 12   15
 12   16
 12   17
 12   20
 13   1
 13   3
 13   5
 13   8
 13   9
 13   14
 13   18
 14   1
 14   2
 14   3
 14   5
 14   6
 14   8
 14   9
 14   13
 15   4
 15   7
 15   10
 15   11
 15   12
 15   16
 15   19
 15   20
 16   4
 16   7
 16   10
 16   11
 16   12
 16   15
 16   17
 16   19
 16   20
 17   4
 17   7
 17   10
 17   11
 17   12
 17   16
 17   19
 17   20
 18   1
 18   2
 18   3
 18   5
 18   6
 18   8
 18   9
 18   13
 18   19
 19   2
 19   4
 19   7
 19   10
 19   15
 19   16
 19   17
 19   18
 19   20
 20   4
 20   6
 20   7
 20   10
 20   11
 20   12
 20   15
 20   16
 20   17
 20   19
