 1   2
 1   4
 1   9
 1   11
 1   12
 1   13
 1   17
 1   18
 2   1
 2   3
 2   4
 2   9
 2   11
 2   12
 2   13
 2   14
 2   17
 2   18
 3   2
 3   5
 3   6
 3   7
 3   8
 3   10
 3   15
 3   16
 3   19
 3   20
 4   1
 4   2
 4   9
 4   11
 4   12
 4   13
 4   14
 4   17
 4   18
 5   3
 5   8
 5   10
 5   15
 5   16
 5   19
 6   3
 6   7
 6   8
 6   10
 6   13
 6   14
 6   15
 6   19
 6   20
 7   3
 7   6
 7   8
 7   10
 7   16
 7   19
 7   20
 8   3
 8   5
 8   6
 8   7
 8   10
 8   15
 8   16
 8   17
 8   18
 8   19
 8   20
 9   1
 9   2
 9   4
 9   11
 9   12
 9   13
 9   14
 9   17
 9   18
 10   3
 10   5
 10   6
 10   7
 10   8
 10   15
 10   16
 10   19
 10   20
 11   1
 11   2
 11   4
 11   9
 11   12
 11   13
 11   14
 11   15
 11   17
 11   18
 12   1
 12   2
 12   4
 12   9
 12   11
 12   13
 12   14
 12   17
 13   1
 13   2
 13   4
 13   6
 13   9
 13   11
 13   12
 13   14
 13   17
 13   18
 13   20
 14   2
 14   4
 14   6
 14   9
 14   11
 14   12
 14   13
 14   17
 14   18
 15   3
 15   5
 15   6
 15   8
 15   10
 15   11
 15   16
 15   19
 15   20
 16   3
 16   5
 16   7
 16   8
 16   10
 16   15
 16   17
 16   19
 16   20
 17   1
 17   2
 17   4
 17   8
 17   9
 17   11
 17   12
 17   13
 17   14
 17   16
 17   18
 18   1
 18   2
 18   4
 18   8
 18   9
 18   11
 18   13
 18   14
 18   17
 19   3
 19   5
 19   6
 19   7
 19   8
 19   10
 19   15
 19   16
 19   20
 20   3
 20   6
 20   7
 20   8
 20   10
 20   13
 20   15
 20   16
 20   19
