 1   2
 1   3
 1   4
 1   5
 1   6
 1   12
 1   13
 1   18
 2   1
 2   3
 2   4
 2   5
 2   6
 2   8
 2   12
 2   13
 2   18
 3   1
 3   2
 3   4
 3   5
 3   6
 3   8
 3   12
 3   14
 3   18
 4   1
 4   2
 4   3
 4   5
 4   6
 4   8
 4   12
 4   13
 4   17
 4   18
 5   1
 5   2
 5   3
 5   4
 5   6
 5   8
 5   9
 5   12
 5   13
 5   18
 6   1
 6   2
 6   3
 6   4
 6   5
 6   8
 6   12
 6   13
 6   18
 6   19
 6   20
 7   9
 7   10
 7   11
 7   14
 7   15
 7   16
 7   17
 7   19
 7   20
 8   2
 8   3
 8   4
 8   5
 8   6
 8   12
 8   13
 8   18
 9   5
 9   7
 9   10
 9   11
 9   14
 9   15
 9   16
 9   19
 9   20
 10   7
 10   9
 10   11
 10   15
 10   16
 10   17
 10   19
 10   20
 11   7
 11   9
 11   10
 11   14
 11   15
 11   16
 11   17
 11   18
 11   19
 11   20
 12   1
 12   2
 12   3
 12   4
 12   5
 12   6
 12   8
 12   13
 13   1
 13   2
 13   4
 13   5
 13   6
 13   8
 13   12
 13   20
 14   3
 14   7
 14   9
 14   11
 14   15
 14   16
 14   17
 14   19
 14   20
 15   7
 15   9
 15   10
 15   11
 15   14
 15   16
 15   17
 15   19
 15   20
 16   7
 16   9
 16   10
 16   11
 16   14
 16   15
 16   17
 16   19
 16   20
 17   4
 17   7
 17   10
 17   11
 17   14
 17   15
 17   16
 17   18
 17   20
 18   1
 18   2
 18   3
 18   4
 18   5
 18   6
 18   8
 18   11
 18   17
 19   6
 19   7
 19   9
 19   10
 19   11
 19   14
 19   15
 19   16
 19   20
 20   6
 20   7
 20   9
 20   10
 20   11
 20   13
 20   14
 20   15
 20   16
 20   17
 20   19
