 1   4
 1   5
 1   6
 1   7
 1   9
 1   10
 1   13
 1   14
 1   15
 2   3
 2   8
 2   12
 2   14
 2   16
 2   17
 2   18
 2   19
 2   20
 3   2
 3   8
 3   11
 3   12
 3   16
 3   17
 3   18
 3   19
 3   20
 4   1
 4   5
 4   6
 4   7
 4   9
 4   13
 4   14
 4   15
 5   1
 5   4
 5   6
 5   7
 5   9
 5   10
 5   13
 5   14
 5   15
 6   1
 6   4
 6   5
 6   7
 6   9
 6   10
 6   14
 6   15
 7   1
 7   4
 7   5
 7   6
 7   10
 7   12
 7   13
 7   14
 7   15
 7   19
 8   2
 8   3
 8   10
 8   11
 8   12
 8   13
 8   16
 8   17
 8   18
 8   19
 8   20
 9   1
 9   4
 9   5
 9   6
 9   10
 9   12
 9   13
 9   15
 10   1
 10   5
 10   6
 10   7
 10   8
 10   9
 10   13
 10   14
 10   15
 10   18
 11   3
 11   8
 11   12
 11   15
 11   16
 11   18
 11   19
 11   20
 12   2
 12   3
 12   7
 12   8
 12   9
 12   11
 12   16
 12   17
 12   18
 12   19
 12   20
 13   1
 13   4
 13   5
 13   7
 13   8
 13   9
 13   10
 13   14
 13   15
 14   1
 14   2
 14   4
 14   5
 14   6
 14   7
 14   10
 14   13
 14   15
 15   1
 15   4
 15   5
 15   6
 15   7
 15   9
 15   10
 15   11
 15   13
 15   14
 16   2
 16   3
 16   8
 16   11
 16   12
 16   17
 16   18
 16   19
 16   20
 17   2
 17   3
 17   8
 17   12
 17   16
 17   18
 17   19
 17   20
 18   2
 18   3
 18   8
 18   10
 18   11
 18   12
 18   16
 18   17
 18   20
 19   2
 19   3
 19   7
 19   8
 19   11
 19   12
 19   16
 19   17
 19   20
 20   2
 20   3
 20   8
 20   11
 20   12
 20   16
 20   17
 20   18
 20   19
