 1   3
 1   4
 1   5
 1   6
 1   8
 1   9
 1   13
 1   19
 1   20
 2   3
 2   7
 2   8
 2   11
 2   12
 2   14
 2   15
 2   16
 2   17
 2   18
 3   1
 3   2
 3   4
 3   5
 3   6
 3   9
 3   13
 3   15
 3   19
 3   20
 4   1
 4   3
 4   5
 4   6
 4   10
 4   11
 4   13
 4   19
 4   20
 5   1
 5   3
 5   4
 5   6
 5   9
 5   10
 5   13
 5   20
 6   1
 6   3
 6   4
 6   5
 6   9
 6   10
 6   13
 6   19
 6   20
 7   2
 7   8
 7   11
 7   12
 7   14
 7   15
 7   16
 7   17
 7   18
 7   19
 8   1
 8   2
 8   7
 8   10
 8   11
 8   12
 8   14
 8   15
 8   16
 8   17
 8   18
 9   1
 9   3
 9   5
 9   6
 9   10
 9   13
 9   19
 10   4
 10   5
 10   6
 10   8
 10   9
 10   13
 10   19
 10   20
 11   2
 11   4
 11   7
 11   8
 11   12
 11   14
 11   15
 11   16
 11   17
 11   18
 11   20
 12   2
 12   7
 12   8
 12   11
 12   14
 12   15
 12   17
 12   18
 13   1
 13   3
 13   4
 13   5
 13   6
 13   9
 13   10
 13   19
 13   20
 14   2
 14   7
 14   8
 14   11
 14   12
 14   15
 14   16
 14   17
 15   2
 15   3
 15   7
 15   8
 15   11
 15   12
 15   14
 15   16
 15   17
 15   18
 16   2
 16   7
 16   8
 16   11
 16   14
 16   15
 16   18
 17   2
 17   7
 17   8
 17   11
 17   12
 17   14
 17   15
 17   18
 17   19
 18   2
 18   7
 18   8
 18   11
 18   12
 18   15
 18   16
 18   17
 19   1
 19   3
 19   4
 19   6
 19   7
 19   9
 19   10
 19   13
 19   17
 19   20
 20   1
 20   3
 20   4
 20   5
 20   6
 20   10
 20   11
 20   13
 20   19
