 1   2
 1   4
 1   6
 1   7
 1   8
 1   9
 1   10
 1   11
 1   20
 2   1
 2   3
 2   6
 2   7
 2   10
 2   11
 2   18
 2   20
 3   2
 3   4
 3   6
 3   7
 3   8
 3   10
 3   11
 3   20
 4   1
 4   3
 4   6
 4   7
 4   8
 4   10
 4   11
 5   9
 5   12
 5   13
 5   14
 5   15
 5   16
 5   17
 5   18
 5   19
 6   1
 6   2
 6   3
 6   4
 6   7
 6   8
 6   10
 6   11
 6   12
 6   13
 6   20
 7   1
 7   2
 7   3
 7   4
 7   6
 7   8
 7   10
 7   15
 7   20
 8   1
 8   3
 8   4
 8   6
 8   7
 8   10
 8   11
 8   16
 8   18
 8   20
 9   1
 9   5
 9   12
 9   13
 9   14
 9   16
 9   17
 9   18
 9   19
 10   1
 10   2
 10   3
 10   4
 10   6
 10   7
 10   8
 10   11
 10   13
 10   20
 11   1
 11   2
 11   3
 11   4
 11   6
 11   8
 11   10
 11   20
 12   5
 12   6
 12   9
 12   13
 12   14
 12   15
 12   16
 12   17
 12   19
 13   5
 13   6
 13   9
 13   10
 13   12
 13   14
 13   15
 13   16
 13   17
 13   18
 13   19
 14   5
 14   9
 14   12
 14   13
 14   15
 14   16
 14   17
 14   18
 14   19
 15   5
 15   7
 15   12
 15   13
 15   14
 15   16
 15   17
 15   18
 15   19
 16   5
 16   8
 16   9
 16   12
 16   13
 16   14
 16   15
 16   17
 16   18
 16   19
 17   5
 17   9
 17   12
 17   13
 17   14
 17   15
 17   16
 17   18
 17   19
 18   2
 18   5
 18   8
 18   9
 18   13
 18   14
 18   15
 18   16
 18   17
 19   5
 19   9
 19   12
 19   13
 19   14
 19   15
 19   16
 19   17
 20   1
 20   2
 20   3
 20   6
 20   7
 20   8
 20   10
 20   11
