 1   2
 1   4
 1   6
 1   7
 1   13
 1   14
 1   15
 1   16
 1   19
 2   1
 2   4
 2   5
 2   6
 2   7
 2   13
 2   14
 2   15
 2   16
 2   19
 3   5
 3   8
 3   9
 3   10
 3   12
 3   17
 3   18
 3   19
 3   20
 4   1
 4   2
 4   6
 4   7
 4   13
 4   14
 4   15
 4   16
 4   19
 5   2
 5   3
 5   8
 5   9
 5   10
 5   11
 5   16
 5   17
 5   18
 5   20
 6   1
 6   2
 6   4
 6   7
 6   12
 6   13
 6   14
 6   15
 6   16
 6   19
 7   1
 7   2
 7   4
 7   6
 7   11
 7   13
 7   14
 7   15
 7   19
 8   3
 8   5
 8   9
 8   10
 8   12
 8   18
 9   3
 9   5
 9   8
 9   11
 9   12
 9   13
 9   17
 9   18
 9   20
 10   3
 10   5
 10   8
 10   11
 10   12
 10   17
 10   18
 10   20
 11   5
 11   7
 11   9
 11   10
 11   12
 11   17
 12   3
 12   6
 12   8
 12   9
 12   10
 12   11
 12   17
 12   18
 12   19
 12   20
 13   1
 13   2
 13   4
 13   6
 13   7
 13   9
 13   14
 13   15
 13   19
 14   1
 14   2
 14   4
 14   6
 14   7
 14   13
 14   15
 14   16
 14   19
 15   1
 15   2
 15   4
 15   6
 15   7
 15   13
 15   14
 15   16
 16   1
 16   2
 16   4
 16   5
 16   6
 16   14
 16   15
 16   19
 16   20
 17   3
 17   5
 17   9
 17   10
 17   11
 17   12
 17   18
 17   20
 18   3
 18   5
 18   8
 18   9
 18   10
 18   12
 18   17
 18   20
 19   1
 19   2
 19   3
 19   4
 19   6
 19   7
 19   12
 19   13
 19   14
 19   16
 20   3
 20   5
 20   9
 20   10
 20   12
 20   16
 20   17
 20   18
