 1   3
 1   5
 1   6
 1   9
 1   12
 1   15
 1   17
 1   18
 1   20
 2   3
 2   4
 2   7
 2   10
 2   11
 2   13
 2   16
 2   18
 2   19
 3   1
 3   2
 3   5
 3   6
 3   9
 3   12
 3   15
 3   17
 3   20
 4   2
 4   7
 4   10
 4   11
 4   13
 4   14
 4   16
 4   18
 5   1
 5   3
 5   6
 5   8
 5   9
 5   12
 5   15
 5   17
 5   20
 6   1
 6   3
 6   5
 6   8
 6   9
 6   15
 6   17
 6   18
 6   20
 7   2
 7   4
 7   10
 7   13
 7   16
 7   18
 7   19
 8   5
 8   6
 8   9
 8   12
 8   15
 8   17
 8   20
 9   1
 9   3
 9   5
 9   6
 9   8
 9   15
 9   17
 9   20
 10   2
 10   4
 10   7
 10   11
 10   13
 10   14
 10   16
 10   18
 10   19
 11   2
 11   4
 11   10
 11   13
 11   14
 11   15
 11   16
 11   18
 11   19
 12   1
 12   3
 12   5
 12   8
 12   15
 12   17
 12   19
 12   20
 13   2
 13   4
 13   7
 13   10
 13   11
 13   14
 13   15
 13   16
 13   18
 13   19
 14   4
 14   10
 14   11
 14   13
 14   16
 15   1
 15   3
 15   5
 15   6
 15   8
 15   9
 15   11
 15   12
 15   13
 15   16
 15   17
 15   20
 16   2
 16   4
 16   7
 16   10
 16   11
 16   13
 16   14
 16   15
 16   19
 17   1
 17   3
 17   5
 17   6
 17   8
 17   9
 17   12
 17   15
 17   18
 18   1
 18   2
 18   4
 18   6
 18   7
 18   10
 18   11
 18   13
 18   17
 18   19
 19   2
 19   7
 19   10
 19   11
 19   12
 19   13
 19   16
 19   18
 20   1
 20   3
 20   5
 20   6
 20   8
 20   9
 20   12
 20   15
