 1   2
 1   6
 1   8
 1   10
 1   11
 1   13
 1   14
 1   15
 1   16
 1   17
 2   1
 2   6
 2   8
 2   10
 2   11
 2   14
 2   15
 2   16
 2   17
 3   4
 3   7
 3   9
 3   13
 3   17
 3   18
 3   19
 3   20
 4   3
 4   5
 4   6
 4   7
 4   9
 4   13
 4   18
 5   4
 5   7
 5   9
 5   12
 5   13
 5   19
 5   20
 6   1
 6   2
 6   4
 6   7
 6   8
 6   10
 6   11
 6   14
 6   15
 6   16
 6   17
 6   18
 7   3
 7   4
 7   5
 7   6
 7   9
 7   12
 7   13
 7   18
 7   19
 7   20
 8   1
 8   2
 8   6
 8   10
 8   11
 8   13
 8   14
 8   15
 8   16
 9   3
 9   4
 9   5
 9   7
 9   12
 9   13
 9   14
 9   18
 9   19
 9   20
 10   1
 10   2
 10   6
 10   8
 10   11
 10   14
 10   15
 10   16
 10   17
 11   1
 11   2
 11   6
 11   8
 11   10
 11   13
 11   14
 11   15
 11   16
 11   17
 12   5
 12   7
 12   9
 12   13
 12   18
 12   19
 12   20
 13   1
 13   3
 13   4
 13   5
 13   7
 13   8
 13   9
 13   11
 13   12
 13   18
 13   19
 14   1
 14   2
 14   6
 14   8
 14   9
 14   10
 14   11
 14   15
 14   16
 14   17
 15   1
 15   2
 15   6
 15   8
 15   10
 15   11
 15   14
 15   16
 15   17
 16   1
 16   2
 16   6
 16   8
 16   10
 16   11
 16   14
 16   15
 16   17
 17   1
 17   2
 17   3
 17   6
 17   10
 17   11
 17   14
 17   15
 17   16
 18   3
 18   4
 18   6
 18   7
 18   9
 18   12
 18   13
 18   19
 19   3
 19   5
 19   7
 19   9
 19   12
 19   13
 19   18
 19   20
 20   3
 20   5
 20   7
 20   9
 20   12
 20   19
