 1   3
 1   4
 1   5
 1   11
 1   15
 2   3
 2   6
 2   10
 2   11
 2   15
 2   16
 3   1
 3   2
 3   4
 3   5
 3   6
 3   10
 3   11
 3   15
 3   16
 4   1
 4   3
 4   5
 4   6
 4   10
 4   11
 4   13
 4   16
 5   1
 5   3
 5   4
 5   6
 5   9
 5   10
 5   11
 5   15
 5   16
 6   2
 6   3
 6   4
 6   5
 6   10
 6   11
 6   15
 6   16
 7   8
 7   9
 7   12
 7   13
 7   17
 7   18
 7   19
 8   7
 8   9
 8   12
 8   13
 8   14
 8   17
 8   18
 8   19
 9   5
 9   7
 9   8
 9   10
 9   13
 9   14
 9   17
 9   18
 9   20
 10   2
 10   3
 10   4
 10   5
 10   6
 10   9
 10   11
 10   15
 10   16
 11   1
 11   2
 11   3
 11   4
 11   5
 11   6
 11   10
 11   15
 11   16
 12   7
 12   8
 12   13
 12   14
 12   15
 12   17
 12   18
 12   19
 12   20
 13   4
 13   7
 13   8
 13   9
 13   12
 13   14
 13   17
 13   18
 13   19
 14   8
 14   9
 14   12
 14   13
 14   17
 14   18
 14   19
 14   20
 15   1
 15   2
 15   3
 15   5
 15   6
 15   10
 15   11
 15   12
 15   18
 16   2
 16   3
 16   4
 16   5
 16   6
 16   10
 16   11
 16   20
 17   7
 17   8
 17   9
 17   12
 17   13
 17   14
 17   18
 17   19
 17   20
 18   7
 18   8
 18   9
 18   12
 18   13
 18   14
 18   15
 18   17
 18   19
 18   20
 19   7
 19   8
 19   12
 19   13
 19   14
 19   17
 19   18
 19   20
 20   9
 20   12
 20   14
 20   16
 20   17
 20   18
 20   19
