 1   4
 1   5
 1   6
 1   8
 1   10
 1   11
 1   13
 1   14
 1   16
 2   3
 2   7
 2   9
 2   12
 2   15
 2   17
 2   18
 2   19
 2   20
 3   2
 3   7
 3   9
 3   12
 3   13
 3   15
 3   17
 3   18
 3   19
 3   20
 4   1
 4   5
 4   6
 4   8
 4   11
 4   13
 4   14
 4   16
 5   1
 5   4
 5   6
 5   8
 5   10
 5   11
 5   13
 5   14
 5   16
 6   1
 6   4
 6   5
 6   8
 6   10
 6   11
 6   13
 6   14
 6   15
 6   16
 7   2
 7   3
 7   9
 7   12
 7   15
 7   17
 7   19
 7   20
 8   1
 8   4
 8   5
 8   6
 8   10
 8   11
 8   13
 8   14
 8   16
 9   2
 9   3
 9   7
 9   11
 9   12
 9   13
 9   15
 9   17
 9   18
 9   19
 9   20
 10   1
 10   5
 10   6
 10   8
 10   11
 10   13
 10   14
 10   15
 10   17
 11   1
 11   4
 11   5
 11   6
 11   8
 11   9
 11   10
 11   13
 11   16
 11   19
 12   2
 12   3
 12   7
 12   9
 12   15
 12   17
 12   18
 12   19
 12   20
 13   1
 13   3
 13   4
 13   5
 13   6
 13   8
 13   9
 13   10
 13   11
 13   14
 14   1
 14   4
 14   5
 14   6
 14   8
 14   10
 14   13
 14   16
 14   17
 15   2
 15   3
 15   6
 15   7
 15   9
 15   10
 15   12
 15   17
 15   18
 15   20
 16   1
 16   4
 16   5
 16   6
 16   8
 16   11
 16   14
 17   2
 17   3
 17   7
 17   9
 17   10
 17   12
 17   14
 17   15
 17   18
 17   19
 17   20
 18   2
 18   3
 18   9
 18   12
 18   15
 18   17
 18   19
 18   20
 19   2
 19   3
 19   7
 19   9
 19   11
 19   12
 19   17
 19   18
 19   20
 20   2
 20   3
 20   7
 20   9
 20   12
 20   15
 20   17
 20   18
 20   19
