 1   2
 1   3
 1   5
 1   6
 1   13
 1   14
 1   15
 1   17
 2   1
 2   3
 2   5
 2   6
 2   8
 2   13
 2   15
 2   17
 3   1
 3   2
 3   5
 3   6
 3   8
 3   13
 3   14
 3   15
 4   7
 4   9
 4   10
 4   11
 4   16
 4   17
 4   18
 4   19
 4   20
 5   1
 5   2
 5   3
 5   6
 5   8
 5   13
 5   14
 5   15
 5   17
 5   19
 6   1
 6   2
 6   3
 6   5
 6   8
 6   9
 6   13
 6   14
 6   15
 6   17
 7   4
 7   9
 7   10
 7   11
 7   12
 7   16
 7   18
 7   19
 7   20
 8   2
 8   3
 8   5
 8   6
 8   12
 8   14
 8   15
 9   4
 9   6
 9   7
 9   10
 9   11
 9   12
 9   16
 9   18
 9   19
 9   20
 10   4
 10   7
 10   9
 10   11
 10   12
 10   16
 10   18
 10   20
 11   4
 11   7
 11   9
 11   10
 11   13
 11   16
 11   18
 11   19
 12   7
 12   8
 12   9
 12   10
 12   16
 12   18
 12   19
 12   20
 13   1
 13   2
 13   3
 13   5
 13   6
 13   11
 13   14
 13   15
 13   17
 14   1
 14   3
 14   5
 14   6
 14   8
 14   13
 14   15
 14   16
 14   17
 15   1
 15   2
 15   3
 15   5
 15   6
 15   8
 15   13
 15   14
 15   17
 16   4
 16   7
 16   9
 16   10
 16   11
 16   12
 16   14
 16   18
 16   19
 16   20
 17   1
 17   2
 17   4
 17   5
 17   6
 17   13
 17   14
 17   15
 18   4
 18   7
 18   9
 18   10
 18   11
 18   12
 18   16
 18   19
 18   20
 19   4
 19   5
 19   7
 19   9
 19   11
 19   12
 19   16
 19   18
 19   20
 20   4
 20   7
 20   9
 20   10
 20   12
 20   16
 20   18
 20   19
