 1   2
 1   3
 1   4
 1   8
 1   11
 1   13
 1   14
 1   15
 1   19
 2   1
 2   3
 2   4
 2   8
 2   11
 2   12
 2   13
 2   14
 2   15
 2   16
 2   19
 3   1
 3   2
 3   4
 3   8
 3   11
 3   13
 3   14
 3   15
 3   18
 3   19
 4   1
 4   2
 4   3
 4   5
 4   8
 4   11
 4   13
 4   14
 4   15
 4   19
 5   4
 5   6
 5   7
 5   9
 5   10
 5   12
 5   16
 5   17
 5   18
 5   20
 6   5
 6   7
 6   9
 6   10
 6   12
 6   16
 6   17
 6   18
 6   20
 7   5
 7   6
 7   8
 7   9
 7   12
 7   16
 7   17
 7   18
 7   20
 8   1
 8   2
 8   3
 8   4
 8   7
 8   11
 8   13
 8   14
 8   15
 8   19
 9   5
 9   6
 9   7
 9   10
 9   12
 9   16
 9   17
 9   18
 9   20
 10   5
 10   6
 10   9
 10   12
 10   13
 10   16
 10   17
 10   18
 10   20
 11   1
 11   2
 11   3
 11   4
 11   8
 11   13
 11   17
 11   19
 12   2
 12   5
 12   6
 12   7
 12   9
 12   10
 12   16
 12   17
 12   18
 12   20
 13   1
 13   2
 13   3
 13   4
 13   8
 13   10
 13   11
 13   14
 13   15
 13   19
 14   1
 14   2
 14   3
 14   4
 14   8
 14   13
 14   15
 14   19
 15   1
 15   2
 15   3
 15   4
 15   8
 15   13
 15   14
 16   2
 16   5
 16   6
 16   7
 16   9
 16   10
 16   12
 16   17
 16   18
 16   20
 17   5
 17   6
 17   7
 17   9
 17   10
 17   11
 17   12
 17   16
 17   18
 17   20
 18   3
 18   5
 18   6
 18   7
 18   9
 18   10
 18   12
 18   16
 18   17
 18   19
 18   20
 19   1
 19   2
 19   3
 19   4
 19   8
 19   11
 19   13
 19   14
 19   18
 20   5
 20   6
 20   7
 20   9
 20   10
 20   12
 20   16
 20   17
 20   18
