 1   3
 1   4
 1   5
 1   6
 1   15
 1   16
 1   17
 1   19
 1   20
 2   7
 2   8
 2   9
 2   10
 2   11
 2   12
 2   13
 2   14
 2   16
 2   18
 2   20
 3   1
 3   4
 3   5
 3   6
 3   10
 3   15
 3   16
 3   17
 3   19
 4   1
 4   3
 4   5
 4   6
 4   14
 4   15
 4   16
 4   17
 4   19
 4   20
 5   1
 5   3
 5   4
 5   6
 5   15
 5   17
 5   19
 5   20
 6   1
 6   3
 6   4
 6   5
 6   15
 6   16
 6   17
 6   19
 6   20
 7   2
 7   8
 7   9
 7   10
 7   11
 7   12
 7   13
 7   14
 7   18
 8   2
 8   7
 8   9
 8   10
 8   12
 8   13
 8   14
 8   18
 9   2
 9   7
 9   8
 9   10
 9   11
 9   12
 9   13
 9   14
 9   16
 9   18
 10   2
 10   3
 10   7
 10   8
 10   9
 10   11
 10   12
 10   13
 10   14
 10   17
 11   2
 11   7
 11   9
 11   10
 11   12
 11   13
 11   14
 11   18
 12   2
 12   7
 12   8
 12   9
 12   10
 12   11
 12   13
 12   14
 12   18
 13   2
 13   7
 13   8
 13   9
 13   10
 13   11
 13   12
 13   14
 13   18
 14   2
 14   4
 14   7
 14   8
 14   9
 14   10
 14   11
 14   12
 14   13
 14   17
 14   18
 15   1
 15   3
 15   4
 15   5
 15   6
 15   16
 15   17
 15   19
 16   1
 16   2
 16   3
 16   4
 16   6
 16   9
 16   15
 16   17
 16   19
 16   20
 17   1
 17   3
 17   4
 17   5
 17   6
 17   10
 17   14
 17   15
 17   16
 17   19
 17   20
 18   2
 18   7
 18   8
 18   9
 18   11
 18   12
 18   13
 18   14
 18   20
 19   1
 19   3
 19   4
 19   5
 19   6
 19   15
 19   16
 19   17
 19   20
 20   1
 20   2
 20   4
 20   5
 20   6
 20   16
 20   17
 20   18
 20   19
