 1   2
 1   3
 1   5
 1   6
 1   7
 1   9
 1   13
 1   14
 1   18
 1   19
 2   1
 2   3
 2   5
 2   6
 2   7
 2   9
 2   14
 2   16
 2   18
 2   19
 3   1
 3   2
 3   5
 3   6
 3   9
 3   14
 3   18
 3   19
 4   8
 4   10
 4   11
 4   12
 4   13
 4   14
 4   15
 4   16
 4   17
 4   20
 5   1
 5   2
 5   3
 5   6
 5   7
 5   11
 5   14
 5   18
 5   19
 6   1
 6   2
 6   3
 6   5
 6   7
 6   9
 6   10
 6   14
 6   18
 6   19
 7   1
 7   2
 7   5
 7   6
 7   9
 7   14
 7   18
 7   19
 7   20
 8   4
 8   10
 8   11
 8   13
 8   15
 8   16
 8   17
 8   19
 8   20
 9   1
 9   2
 9   3
 9   6
 9   7
 9   12
 9   14
 9   18
 9   19
 10   4
 10   6
 10   8
 10   11
 10   12
 10   13
 10   15
 10   16
 10   17
 10   20
 11   4
 11   5
 11   8
 11   10
 11   12
 11   13
 11   15
 11   16
 11   17
 11   20
 12   4
 12   9
 12   10
 12   11
 12   13
 12   15
 12   16
 12   17
 13   1
 13   4
 13   8
 13   10
 13   11
 13   12
 13   15
 13   16
 13   17
 13   20
 14   1
 14   2
 14   3
 14   4
 14   5
 14   6
 14   7
 14   9
 14   18
 14   19
 15   4
 15   8
 15   10
 15   11
 15   12
 15   13
 15   16
 15   17
 16   2
 16   4
 16   8
 16   10
 16   11
 16   12
 16   13
 16   15
 16   17
 16   20
 17   4
 17   8
 17   10
 17   11
 17   12
 17   13
 17   15
 17   16
 17   20
 18   1
 18   2
 18   3
 18   5
 18   6
 18   7
 18   9
 18   14
 18   19
 19   1
 19   2
 19   3
 19   5
 19   6
 19   7
 19   8
 19   9
 19   14
 19   18
 20   4
 20   7
 20   8
 20   10
 20   11
 20   13
 20   16
 20   17
