 1   7
 1   10
 1   12
 1   13
 1   16
 1   18
 1   19
 1   20
 2   3
 2   4
 2   5
 2   6
 2   8
 2   9
 2   15
 2   16
 2   17
 3   2
 3   4
 3   5
 3   6
 3   8
 3   9
 3   10
 3   15
 3   16
 3   17
 4   2
 4   3
 4   5
 4   6
 4   8
 4   9
 4   15
 4   16
 5   2
 5   3
 5   4
 5   6
 5   9
 5   15
 5   16
 5   17
 6   2
 6   3
 6   4
 6   5
 6   8
 6   9
 6   10
 6   17
 6   20
 7   1
 7   8
 7   10
 7   11
 7   13
 7   14
 7   18
 7   19
 7   20
 8   2
 8   3
 8   4
 8   6
 8   7
 8   9
 8   15
 8   16
 8   17
 9   2
 9   3
 9   4
 9   5
 9   6
 9   8
 9   13
 9   17
 10   1
 10   3
 10   6
 10   7
 10   11
 10   12
 10   13
 10   14
 10   19
 10   20
 11   7
 11   10
 11   12
 11   13
 11   14
 11   17
 11   18
 11   19
 11   20
 12   1
 12   10
 12   11
 12   13
 12   14
 12   18
 12   19
 12   20
 13   1
 13   7
 13   9
 13   10
 13   11
 13   12
 13   14
 13   16
 13   18
 13   19
 13   20
 14   7
 14   10
 14   11
 14   12
 14   13
 14   18
 14   19
 14   20
 15   2
 15   3
 15   4
 15   5
 15   8
 15   16
 15   17
 16   1
 16   2
 16   3
 16   4
 16   5
 16   8
 16   13
 16   15
 16   17
 17   2
 17   3
 17   5
 17   6
 17   8
 17   9
 17   11
 17   15
 17   16
 18   1
 18   7
 18   11
 18   12
 18   13
 18   14
 18   19
 18   20
 19   1
 19   7
 19   10
 19   11
 19   12
 19   13
 19   14
 19   18
 19   20
 20   1
 20   6
 20   7
 20   10
 20   11
 20   12
 20   13
 20   14
 20   18
 20   19
