 1   2
 1   4
 1   5
 1   10
 1   13
 1   15
 1   20
 2   1
 2   4
 2   5
 2   10
 2   13
 2   14
 2   15
 2   16
 2   20
 3   6
 3   7
 3   8
 3   9
 3   11
 3   12
 3   17
 3   18
 3   19
 4   1
 4   2
 4   5
 4   10
 4   13
 4   15
 4   16
 4   20
 5   1
 5   2
 5   4
 5   10
 5   12
 5   13
 5   14
 5   15
 5   16
 5   20
 6   3
 6   7
 6   8
 6   9
 6   11
 6   12
 6   17
 6   19
 7   3
 7   6
 7   8
 7   9
 7   12
 7   16
 7   17
 7   18
 7   19
 8   3
 8   6
 8   7
 8   9
 8   10
 8   11
 8   12
 8   13
 8   15
 8   17
 8   18
 8   19
 9   3
 9   6
 9   7
 9   8
 9   11
 9   12
 9   15
 9   17
 9   18
 9   19
 10   1
 10   2
 10   4
 10   5
 10   8
 10   13
 10   14
 10   15
 10   16
 10   20
 11   3
 11   6
 11   8
 11   9
 11   12
 11   17
 11   18
 11   19
 12   3
 12   5
 12   6
 12   7
 12   8
 12   9
 12   11
 12   16
 12   17
 12   18
 12   19
 13   1
 13   2
 13   4
 13   5
 13   8
 13   10
 13   14
 13   15
 13   16
 13   20
 14   2
 14   5
 14   10
 14   13
 14   15
 14   16
 14   20
 15   1
 15   2
 15   4
 15   5
 15   8
 15   9
 15   10
 15   13
 15   14
 15   16
 15   20
 16   2
 16   4
 16   5
 16   7
 16   10
 16   12
 16   13
 16   14
 16   15
 16   17
 16   20
 17   3
 17   6
 17   7
 17   8
 17   9
 17   11
 17   12
 17   16
 17   18
 17   19
 18   3
 18   7
 18   8
 18   9
 18   11
 18   12
 18   17
 18   19
 19   3
 19   6
 19   7
 19   8
 19   9
 19   11
 19   12
 19   17
 19   18
 20   1
 20   2
 20   4
 20   5
 20   10
 20   13
 20   14
 20   15
 20   16
