 1   3
 1   4
 1   5
 1   6
 1   12
 1   13
 1   14
 1   17
 1   20
 2   5
 2   7
 2   8
 2   9
 2   10
 2   15
 2   16
 2   17
 2   19
 3   1
 3   4
 3   5
 3   6
 3   12
 3   14
 3   17
 3   20
 4   1
 4   3
 4   5
 4   6
 4   12
 4   13
 4   14
 4   17
 4   20
 5   1
 5   2
 5   3
 5   4
 5   6
 5   12
 5   14
 6   1
 6   3
 6   4
 6   5
 6   12
 6   13
 6   14
 6   15
 6   17
 6   20
 7   2
 7   9
 7   10
 7   11
 7   15
 7   16
 7   17
 7   18
 8   2
 8   9
 8   10
 8   16
 8   18
 8   19
 9   2
 9   7
 9   8
 9   10
 9   11
 9   15
 9   16
 9   18
 9   19
 10   2
 10   7
 10   8
 10   9
 10   11
 10   16
 10   18
 10   19
 10   20
 11   7
 11   9
 11   10
 11   12
 11   15
 11   16
 11   18
 11   19
 12   1
 12   3
 12   4
 12   5
 12   6
 12   11
 12   14
 12   15
 12   17
 12   20
 13   1
 13   4
 13   6
 13   14
 13   17
 13   18
 13   20
 14   1
 14   3
 14   4
 14   5
 14   6
 14   12
 14   13
 14   17
 14   20
 15   2
 15   6
 15   7
 15   9
 15   11
 15   12
 15   16
 15   18
 15   19
 16   2
 16   7
 16   8
 16   9
 16   10
 16   11
 16   15
 16   18
 16   19
 17   1
 17   2
 17   3
 17   4
 17   6
 17   7
 17   12
 17   13
 17   14
 17   20
 18   7
 18   8
 18   9
 18   10
 18   11
 18   13
 18   15
 18   16
 18   19
 19   2
 19   8
 19   9
 19   10
 19   11
 19   15
 19   16
 19   18
 20   1
 20   3
 20   4
 20   6
 20   10
 20   12
 20   13
 20   14
 20   17
