 1   5
 1   7
 1   12
 1   13
 1   15
 1   16
 1   17
 1   19
 2   4
 2   6
 2   8
 2   9
 2   10
 2   12
 2   18
 2   20
 3   4
 3   6
 3   8
 3   9
 3   10
 3   12
 3   15
 3   18
 3   20
 4   2
 4   3
 4   6
 4   8
 4   9
 4   10
 4   12
 4   18
 4   20
 5   1
 5   7
 5   11
 5   13
 5   14
 5   15
 5   16
 5   17
 5   19
 6   2
 6   3
 6   4
 6   9
 6   12
 6   18
 6   20
 7   1
 7   5
 7   10
 7   13
 7   14
 7   15
 7   16
 7   17
 7   19
 8   2
 8   3
 8   4
 8   9
 8   10
 8   12
 8   18
 8   20
 9   2
 9   3
 9   4
 9   6
 9   8
 9   10
 9   14
 9   18
 9   20
 10   2
 10   3
 10   4
 10   7
 10   8
 10   9
 10   12
 10   18
 10   20
 11   5
 11   13
 11   15
 11   16
 11   17
 11   19
 12   1
 12   2
 12   3
 12   4
 12   6
 12   8
 12   10
 12   18
 12   20
 13   1
 13   5
 13   7
 13   11
 13   15
 13   16
 13   17
 13   18
 13   19
 14   5
 14   7
 14   9
 14   15
 14   16
 14   17
 14   19
 15   1
 15   3
 15   5
 15   7
 15   11
 15   13
 15   14
 15   16
 15   17
 16   1
 16   5
 16   7
 16   11
 16   13
 16   14
 16   15
 16   17
 16   19
 17   1
 17   5
 17   7
 17   11
 17   13
 17   14
 17   15
 17   16
 17   19
 17   20
 18   2
 18   3
 18   4
 18   6
 18   8
 18   9
 18   10
 18   12
 18   13
 18   20
 19   1
 19   5
 19   7
 19   11
 19   13
 19   14
 19   16
 19   17
 20   2
 20   3
 20   4
 20   6
 20   8
 20   9
 20   10
 20   12
 20   17
 20   18
