 1   2
 1   4
 1   5
 1   9
 1   10
 1   12
 1   13
 1   16
 1   19
 2   1
 2   5
 2   9
 2   11
 2   12
 2   13
 2   19
 3   4
 3   7
 3   8
 3   14
 3   15
 3   16
 3   20
 4   1
 4   3
 4   7
 4   8
 4   14
 4   15
 4   16
 4   17
 4   18
 4   20
 5   1
 5   2
 5   6
 5   9
 5   10
 5   11
 5   12
 5   13
 5   19
 6   5
 6   7
 6   9
 6   10
 6   11
 6   12
 6   13
 6   15
 6   19
 7   3
 7   4
 7   6
 7   8
 7   10
 7   14
 7   15
 7   16
 7   18
 7   20
 8   3
 8   4
 8   7
 8   13
 8   14
 8   15
 8   16
 8   18
 8   20
 9   1
 9   2
 9   5
 9   6
 9   10
 9   11
 9   12
 9   13
 9   19
 10   1
 10   5
 10   6
 10   7
 10   9
 10   11
 10   12
 10   13
 10   19
 11   2
 11   5
 11   6
 11   9
 11   10
 11   12
 11   15
 11   19
 12   1
 12   2
 12   5
 12   6
 12   9
 12   10
 12   11
 12   13
 12   19
 13   1
 13   2
 13   5
 13   6
 13   8
 13   9
 13   10
 13   12
 13   16
 13   19
 14   3
 14   4
 14   7
 14   8
 14   15
 14   16
 14   17
 14   18
 14   20
 15   3
 15   4
 15   6
 15   7
 15   8
 15   11
 15   14
 15   16
 15   17
 15   18
 15   20
 16   1
 16   3
 16   4
 16   7
 16   8
 16   13
 16   14
 16   15
 16   17
 16   18
 16   20
 17   4
 17   14
 17   15
 17   16
 17   18
 17   20
 18   4
 18   7
 18   8
 18   14
 18   15
 18   16
 18   17
 18   20
 19   1
 19   2
 19   5
 19   6
 19   9
 19   10
 19   11
 19   12
 19   13
 20   3
 20   4
 20   7
 20   8
 20   14
 20   15
 20   16
 20   17
 20   18
