 1   4
 1   5
 1   7
 1   8
 1   13
 1   14
 1   16
 1   17
 1   19
 2   3
 2   9
 2   10
 2   11
 2   12
 2   16
 2   18
 2   20
 3   2
 3   6
 3   9
 3   10
 3   11
 3   12
 3   15
 3   18
 3   20
 4   1
 4   5
 4   7
 4   8
 4   12
 4   13
 4   14
 4   16
 4   17
 4   19
 5   1
 5   4
 5   7
 5   8
 5   11
 5   13
 5   14
 5   16
 5   19
 6   3
 6   10
 6   11
 6   12
 6   15
 6   18
 6   20
 7   1
 7   4
 7   5
 7   8
 7   13
 7   14
 7   16
 7   17
 7   19
 7   20
 8   1
 8   4
 8   5
 8   7
 8   13
 8   14
 8   15
 8   16
 8   17
 9   2
 9   3
 9   10
 9   11
 9   12
 9   15
 9   18
 9   20
 10   2
 10   3
 10   6
 10   9
 10   11
 10   12
 10   15
 10   18
 10   19
 10   20
 11   2
 11   3
 11   5
 11   6
 11   9
 11   10
 11   12
 11   15
 11   18
 11   20
 12   2
 12   3
 12   4
 12   6
 12   9
 12   10
 12   11
 12   13
 12   15
 12   18
 12   20
 13   1
 13   4
 13   5
 13   7
 13   8
 13   12
 13   14
 13   16
 13   17
 13   19
 14   1
 14   4
 14   5
 14   7
 14   8
 14   13
 14   16
 14   17
 14   19
 15   3
 15   6
 15   8
 15   9
 15   10
 15   11
 15   12
 15   18
 15   20
 16   1
 16   2
 16   4
 16   5
 16   7
 16   8
 16   13
 16   14
 16   17
 16   18
 16   19
 17   1
 17   4
 17   7
 17   8
 17   13
 17   14
 17   16
 17   19
 18   2
 18   3
 18   6
 18   9
 18   10
 18   11
 18   12
 18   15
 18   16
 18   20
 19   1
 19   4
 19   5
 19   7
 19   10
 19   13
 19   14
 19   16
 19   17
 20   2
 20   3
 20   6
 20   7
 20   9
 20   10
 20   11
 20   12
 20   15
 20   18
