 1   2
 1   4
 1   6
 1   7
 1   9
 1   10
 1   13
 1   16
 2   1
 2   4
 2   6
 2   7
 2   9
 2   10
 2   12
 2   13
 2   14
 2   16
 2   18
 3   5
 3   8
 3   11
 3   14
 3   17
 3   18
 3   19
 3   20
 4   1
 4   2
 4   7
 4   8
 4   9
 4   10
 4   12
 4   16
 5   3
 5   8
 5   11
 5   14
 5   15
 5   17
 5   18
 5   19
 5   20
 6   1
 6   2
 6   7
 6   9
 6   10
 6   12
 6   15
 6   16
 7   1
 7   2
 7   4
 7   6
 7   8
 7   9
 7   10
 7   12
 7   13
 7   15
 7   16
 8   3
 8   4
 8   5
 8   7
 8   11
 8   14
 8   15
 8   17
 8   18
 8   19
 8   20
 9   1
 9   2
 9   4
 9   6
 9   7
 9   10
 9   12
 9   13
 9   16
 10   1
 10   2
 10   4
 10   6
 10   7
 10   9
 10   12
 10   13
 10   16
 11   3
 11   5
 11   8
 11   14
 11   15
 11   16
 11   17
 11   18
 11   19
 11   20
 12   2
 12   4
 12   6
 12   7
 12   9
 12   10
 12   13
 12   16
 13   1
 13   2
 13   7
 13   9
 13   10
 13   12
 13   16
 14   2
 14   3
 14   5
 14   8
 14   11
 14   15
 14   17
 14   18
 14   19
 14   20
 15   5
 15   6
 15   7
 15   8
 15   11
 15   14
 15   18
 15   19
 15   20
 16   1
 16   2
 16   4
 16   6
 16   7
 16   9
 16   10
 16   11
 16   12
 16   13
 16   18
 17   3
 17   5
 17   8
 17   11
 17   14
 17   18
 17   19
 17   20
 18   2
 18   3
 18   5
 18   8
 18   11
 18   14
 18   15
 18   16
 18   17
 18   19
 18   20
 19   3
 19   5
 19   8
 19   11
 19   14
 19   15
 19   17
 19   18
 19   20
 20   3
 20   5
 20   8
 20   11
 20   14
 20   15
 20   17
 20   18
 20   19
