 1   4
 1   5
 1   12
 1   13
 1   14
 1   17
 1   18
 1   19
 1   20
 2   3
 2   6
 2   7
 2   9
 2   10
 2   11
 2   13
 2   16
 2   20
 3   2
 3   6
 3   7
 3   8
 3   9
 3   10
 3   11
 3   15
 3   16
 4   1
 4   5
 4   12
 4   13
 4   14
 4   17
 4   18
 4   19
 4   20
 5   1
 5   4
 5   10
 5   12
 5   13
 5   14
 5   16
 5   17
 5   18
 5   19
 5   20
 6   2
 6   3
 6   7
 6   8
 6   9
 6   10
 6   11
 6   15
 6   16
 6   18
 7   2
 7   3
 7   6
 7   8
 7   9
 7   10
 7   11
 7   13
 7   15
 7   16
 7   19
 8   3
 8   6
 8   7
 8   9
 8   10
 8   11
 8   16
 9   2
 9   3
 9   6
 9   7
 9   8
 9   10
 9   11
 9   15
 9   16
 10   2
 10   3
 10   5
 10   6
 10   7
 10   8
 10   9
 10   15
 10   16
 11   2
 11   3
 11   6
 11   7
 11   8
 11   9
 11   15
 11   16
 12   1
 12   4
 12   5
 12   13
 12   14
 12   17
 12   18
 12   19
 12   20
 13   1
 13   2
 13   4
 13   5
 13   7
 13   12
 13   14
 13   17
 13   18
 13   19
 13   20
 14   1
 14   4
 14   5
 14   12
 14   13
 14   17
 14   19
 15   3
 15   6
 15   7
 15   9
 15   10
 15   11
 15   16
 16   2
 16   3
 16   5
 16   6
 16   7
 16   8
 16   9
 16   10
 16   11
 16   15
 16   18
 17   1
 17   4
 17   5
 17   12
 17   13
 17   14
 17   18
 17   19
 17   20
 18   1
 18   4
 18   5
 18   6
 18   12
 18   13
 18   16
 18   17
 18   19
 18   20
 19   1
 19   4
 19   5
 19   7
 19   12
 19   13
 19   14
 19   17
 19   18
 19   20
 20   1
 20   2
 20   4
 20   5
 20   12
 20   13
 20   17
 20   18
 20   19
