 1   2
 1   4
 1   6
 1   7
 1   8
 1   14
 1   16
 1   17
 1   19
 2   1
 2   6
 2   8
 2   14
 2   15
 2   16
 2   17
 2   19
 3   4
 3   5
 3   9
 3   10
 3   11
 3   12
 3   13
 3   18
 4   1
 4   3
 4   5
 4   9
 4   10
 4   11
 4   12
 4   16
 4   18
 4   20
 5   3
 5   4
 5   9
 5   10
 5   11
 5   12
 5   13
 5   15
 5   18
 5   20
 6   1
 6   2
 6   7
 6   8
 6   12
 6   14
 6   15
 6   16
 6   17
 6   19
 7   1
 7   6
 7   8
 7   10
 7   14
 7   16
 7   17
 7   19
 7   20
 8   1
 8   2
 8   6
 8   7
 8   12
 8   14
 8   15
 8   16
 8   17
 9   3
 9   4
 9   5
 9   10
 9   11
 9   12
 9   13
 9   18
 9   20
 10   3
 10   4
 10   5
 10   7
 10   9
 10   12
 10   13
 10   18
 10   20
 11   3
 11   4
 11   5
 11   9
 11   12
 11   15
 11   18
 12   3
 12   4
 12   5
 12   6
 12   8
 12   9
 12   10
 12   11
 12   13
 12   18
 13   3
 13   5
 13   9
 13   10
 13   12
 13   18
 13   20
 14   1
 14   2
 14   6
 14   7
 14   8
 14   15
 14   16
 14   17
 14   19
 15   2
 15   5
 15   6
 15   8
 15   11
 15   14
 15   16
 15   17
 15   19
 16   1
 16   2
 16   4
 16   6
 16   7
 16   8
 16   14
 16   15
 16   17
 16   19
 17   1
 17   2
 17   6
 17   7
 17   8
 17   14
 17   15
 17   16
 17   19
 18   3
 18   4
 18   5
 18   9
 18   10
 18   11
 18   12
 18   13
 18   20
 19   1
 19   2
 19   6
 19   7
 19   14
 19   15
 19   16
 19   17
 20   4
 20   5
 20   7
 20   9
 20   10
 20   13
 20   18
