 1   2
 1   3
 1   4
 1   5
 1   7
 1   8
 1   10
 1   11
 1   14
 1   16
 2   1
 2   3
 2   4
 2   7
 2   8
 2   10
 2   11
 2   14
 2   17
 3   1
 3   2
 3   5
 3   7
 3   8
 3   10
 3   11
 3   12
 4   1
 4   2
 4   5
 4   7
 4   8
 4   10
 4   11
 4   14
 4   19
 5   1
 5   3
 5   4
 5   7
 5   8
 5   10
 5   11
 5   14
 6   9
 6   11
 6   12
 6   13
 6   15
 6   16
 6   17
 6   18
 6   20
 7   1
 7   2
 7   3
 7   4
 7   5
 7   10
 7   11
 7   14
 7   20
 8   1
 8   2
 8   3
 8   4
 8   5
 8   9
 8   10
 8   11
 9   6
 9   8
 9   12
 9   13
 9   15
 9   16
 9   17
 9   18
 9   19
 9   20
 10   1
 10   2
 10   3
 10   4
 10   5
 10   7
 10   8
 10   11
 10   13
 10   14
 11   1
 11   2
 11   3
 11   4
 11   5
 11   6
 11   7
 11   8
 11   10
 11   14
 12   3
 12   6
 12   9
 12   13
 12   15
 12   16
 12   17
 12   18
 12   19
 12   20
 13   6
 13   9
 13   10
 13   12
 13   15
 13   17
 13   18
 13   19
 13   20
 14   1
 14   2
 14   4
 14   5
 14   7
 14   10
 14   11
 15   6
 15   9
 15   12
 15   13
 15   16
 15   17
 15   18
 15   19
 15   20
 16   1
 16   6
 16   9
 16   12
 16   15
 16   17
 16   18
 16   19
 16   20
 17   2
 17   6
 17   9
 17   12
 17   13
 17   15
 17   16
 17   19
 17   20
 18   6
 18   9
 18   12
 18   13
 18   15
 18   16
 18   19
 18   20
 19   4
 19   9
 19   12
 19   13
 19   15
 19   16
 19   17
 19   18
 19   20
 20   6
 20   7
 20   9
 20   12
 20   13
 20   15
 20   16
 20   17
 20   18
 20   19
