 1   3
 1   4
 1   10
 1   11
 1   12
 1   13
 1   14
 1   16
 1   18
 1   19
 2   5
 2   7
 2   8
 2   9
 2   11
 2   15
 2   17
 2   20
 3   1
 3   4
 3   5
 3   7
 3   10
 3   12
 3   13
 3   14
 3   16
 3   18
 3   19
 4   1
 4   3
 4   10
 4   12
 4   13
 4   14
 4   16
 4   19
 5   2
 5   3
 5   6
 5   7
 5   8
 5   9
 5   11
 5   15
 5   17
 5   20
 6   5
 6   7
 6   8
 6   9
 6   11
 6   12
 6   15
 6   17
 7   2
 7   3
 7   5
 7   6
 7   8
 7   9
 7   11
 7   17
 8   2
 8   5
 8   6
 8   7
 8   9
 8   10
 8   11
 8   15
 8   17
 9   2
 9   5
 9   6
 9   7
 9   8
 9   11
 9   15
 9   17
 9   20
 10   1
 10   3
 10   4
 10   8
 10   12
 10   13
 10   14
 10   16
 10   18
 10   19
 11   1
 11   2
 11   5
 11   6
 11   7
 11   8
 11   9
 11   13
 11   15
 11   17
 11   20
 12   1
 12   3
 12   4
 12   6
 12   10
 12   13
 12   14
 12   16
 12   18
 12   19
 13   1
 13   3
 13   4
 13   10
 13   11
 13   12
 13   14
 13   16
 13   18
 13   19
 14   1
 14   3
 14   4
 14   10
 14   12
 14   13
 14   16
 14   17
 14   18
 14   19
 15   2
 15   5
 15   6
 15   8
 15   9
 15   11
 15   16
 15   17
 15   20
 16   1
 16   3
 16   4
 16   10
 16   12
 16   13
 16   14
 16   15
 16   18
 16   19
 17   2
 17   5
 17   6
 17   7
 17   8
 17   9
 17   11
 17   14
 17   15
 17   20
 18   1
 18   3
 18   10
 18   12
 18   13
 18   14
 18   16
 18   19
 19   1
 19   3
 19   4
 19   10
 19   12
 19   13
 19   14
 19   16
 19   18
 20   2
 20   5
 20   9
 20   11
 20   15
 20   17
