 1   4
 1   5
 1   7
 1   8
 1   10
 1   13
 1   16
 2   3
 2   6
 2   11
 2   12
 2   13
 2   15
 2   17
 2   18
 2   19
 2   20
 3   2
 3   6
 3   8
 3   9
 3   12
 3   15
 3   17
 3   18
 3   19
 3   20
 4   1
 4   7
 4   8
 4   9
 4   10
 4   13
 4   14
 4   16
 4   19
 5   1
 5   7
 5   8
 5   9
 5   13
 5   14
 5   16
 5   17
 6   2
 6   3
 6   7
 6   11
 6   12
 6   13
 6   15
 6   17
 6   18
 6   19
 6   20
 7   1
 7   4
 7   5
 7   6
 7   8
 7   9
 7   10
 7   13
 7   14
 7   16
 8   1
 8   3
 8   4
 8   5
 8   7
 8   9
 8   10
 8   14
 8   16
 9   3
 9   4
 9   5
 9   7
 9   8
 9   10
 9   12
 9   13
 9   14
 9   16
 10   1
 10   4
 10   7
 10   8
 10   9
 10   13
 10   14
 10   16
 11   2
 11   6
 11   12
 11   15
 11   17
 11   18
 11   19
 11   20
 12   2
 12   3
 12   6
 12   9
 12   11
 12   15
 12   17
 12   18
 12   19
 12   20
 13   1
 13   2
 13   4
 13   5
 13   6
 13   7
 13   9
 13   10
 13   14
 13   16
 14   4
 14   5
 14   7
 14   8
 14   9
 14   10
 14   13
 14   16
 15   2
 15   3
 15   6
 15   11
 15   12
 15   17
 15   18
 15   19
 15   20
 16   1
 16   4
 16   5
 16   7
 16   8
 16   9
 16   10
 16   13
 16   14
 17   2
 17   3
 17   5
 17   6
 17   11
 17   12
 17   15
 17   18
 17   19
 17   20
 18   2
 18   3
 18   6
 18   11
 18   12
 18   15
 18   17
 18   19
 18   20
 19   2
 19   3
 19   4
 19   6
 19   11
 19   12
 19   15
 19   17
 19   18
 19   20
 20   2
 20   3
 20   6
 20   11
 20   12
 20   15
 20   17
 20   18
 20   19
