 1   3
 1   4
 1   5
 1   8
 1   11
 1   13
 1   15
 1   16
 1   17
 1   18
 1   19
 2   6
 2   7
 2   9
 2   10
 2   12
 2   13
 2   14
 2   18
 3   1
 3   4
 3   5
 3   8
 3   10
 3   11
 3   15
 3   16
 3   17
 3   19
 4   1
 4   3
 4   5
 4   8
 4   11
 4   13
 4   15
 4   16
 4   17
 4   19
 5   1
 5   3
 5   4
 5   8
 5   11
 5   15
 5   16
 5   17
 5   19
 6   2
 6   7
 6   9
 6   10
 6   12
 6   13
 6   14
 6   18
 6   20
 7   2
 7   6
 7   9
 7   10
 7   12
 7   13
 7   14
 7   18
 8   1
 8   3
 8   4
 8   5
 8   10
 8   12
 8   14
 8   16
 8   17
 8   19
 9   2
 9   6
 9   7
 9   10
 9   12
 9   13
 9   14
 9   18
 10   2
 10   3
 10   6
 10   7
 10   8
 10   9
 10   12
 10   13
 10   14
 10   18
 10   20
 11   1
 11   3
 11   4
 11   5
 11   13
 11   15
 11   16
 11   17
 11   19
 12   2
 12   6
 12   7
 12   8
 12   9
 12   10
 12   14
 12   18
 12   20
 13   1
 13   2
 13   4
 13   6
 13   7
 13   9
 13   10
 13   11
 13   14
 13   18
 13   20
 14   2
 14   6
 14   7
 14   8
 14   9
 14   10
 14   12
 14   13
 14   18
 14   20
 15   1
 15   3
 15   4
 15   5
 15   11
 15   16
 15   17
 15   19
 16   1
 16   3
 16   4
 16   5
 16   8
 16   11
 16   15
 16   17
 16   19
 17   1
 17   3
 17   4
 17   5
 17   8
 17   11
 17   15
 17   16
 17   19
 18   1
 18   2
 18   6
 18   7
 18   9
 18   10
 18   12
 18   13
 18   14
 18   20
 19   1
 19   3
 19   4
 19   5
 19   8
 19   11
 19   15
 19   16
 19   17
 20   6
 20   10
 20   12
 20   13
 20   14
 20   18
