 1   6
 1   7
 1   9
 1   13
 1   14
 1   16
 1   17
 1   18
 1   19
 1   20
 2   3
 2   4
 2   5
 2   8
 2   9
 2   10
 2   12
 2   15
 3   2
 3   4
 3   5
 3   8
 3   9
 3   10
 3   11
 3   12
 3   15
 4   2
 4   3
 4   5
 4   8
 4   9
 4   11
 4   12
 4   15
 4   18
 5   2
 5   3
 5   4
 5   8
 5   9
 5   10
 5   11
 5   12
 5   20
 6   1
 6   7
 6   13
 6   14
 6   16
 6   17
 6   18
 6   19
 6   20
 7   1
 7   6
 7   8
 7   13
 7   14
 7   16
 7   17
 7   18
 7   19
 7   20
 8   2
 8   3
 8   4
 8   5
 8   7
 8   9
 8   10
 8   12
 8   15
 8   17
 9   1
 9   2
 9   3
 9   4
 9   5
 9   8
 9   10
 9   11
 9   12
 9   15
 9   18
 10   2
 10   3
 10   5
 10   8
 10   9
 10   11
 10   12
 10   15
 10   19
 11   3
 11   4
 11   5
 11   9
 11   10
 11   15
 12   2
 12   3
 12   4
 12   5
 12   8
 12   9
 12   10
 12   15
 13   1
 13   6
 13   7
 13   16
 13   17
 13   18
 13   19
 13   20
 14   1
 14   6
 14   7
 14   16
 14   17
 14   18
 14   19
 14   20
 15   2
 15   3
 15   4
 15   8
 15   9
 15   10
 15   11
 15   12
 15   17
 16   1
 16   6
 16   7
 16   13
 16   14
 16   18
 16   19
 16   20
 17   1
 17   6
 17   7
 17   8
 17   13
 17   14
 17   15
 17   18
 17   19
 17   20
 18   1
 18   4
 18   6
 18   7
 18   9
 18   13
 18   14
 18   16
 18   17
 18   19
 18   20
 19   1
 19   6
 19   7
 19   10
 19   13
 19   14
 19   16
 19   17
 19   18
 19   20
 20   1
 20   5
 20   6
 20   7
 20   13
 20   14
 20   16
 20   17
 20   18
 20   19
