 1   2
 1   4
 1   8
 1   10
 1   12
 1   14
 1   16
 1   18
 1   20
 2   1
 2   4
 2   6
 2   8
 2   14
 2   16
 2   18
 2   19
 2   20
 3   5
 3   6
 3   7
 3   9
 3   11
 3   13
 3   15
 3   17
 3   19
 4   1
 4   2
 4   6
 4   8
 4   10
 4   12
 4   14
 4   15
 4   16
 4   18
 4   20
 5   3
 5   7
 5   9
 5   13
 5   15
 5   19
 6   2
 6   3
 6   4
 6   7
 6   10
 6   11
 6   15
 6   19
 7   3
 7   5
 7   6
 7   9
 7   11
 7   13
 7   15
 7   17
 7   19
 8   1
 8   2
 8   4
 8   10
 8   12
 8   16
 8   20
 9   3
 9   5
 9   7
 9   11
 9   13
 9   15
 9   17
 9   19
 10   1
 10   4
 10   6
 10   8
 10   12
 10   14
 10   16
 10   18
 10   20
 11   3
 11   6
 11   7
 11   9
 11   13
 11   15
 11   16
 11   17
 11   19
 12   1
 12   4
 12   8
 12   10
 12   14
 12   16
 12   18
 12   20
 13   3
 13   5
 13   7
 13   9
 13   11
 13   15
 13   17
 13   19
 14   1
 14   2
 14   4
 14   10
 14   12
 14   16
 14   18
 14   20
 15   3
 15   4
 15   5
 15   6
 15   7
 15   9
 15   11
 15   13
 15   16
 15   17
 15   19
 16   1
 16   2
 16   4
 16   8
 16   10
 16   11
 16   12
 16   14
 16   15
 16   18
 16   19
 16   20
 17   3
 17   7
 17   9
 17   11
 17   13
 17   15
 17   19
 18   1
 18   2
 18   4
 18   10
 18   12
 18   14
 18   16
 18   20
 19   2
 19   3
 19   5
 19   6
 19   7
 19   9
 19   11
 19   13
 19   15
 19   16
 19   17
 20   1
 20   2
 20   4
 20   8
 20   10
 20   12
 20   14
 20   16
 20   18
