 1   2
 1   4
 1   7
 1   9
 1   10
 1   11
 1   14
 1   15
 1   16
 1   20
 2   1
 2   4
 2   5
 2   9
 2   10
 2   11
 2   14
 2   15
 2   18
 3   6
 3   8
 3   12
 3   13
 3   17
 3   18
 3   19
 3   20
 4   1
 4   2
 4   6
 4   9
 4   10
 4   14
 4   15
 4   16
 5   2
 5   9
 5   10
 5   11
 5   14
 5   15
 5   16
 5   17
 6   3
 6   4
 6   7
 6   8
 6   12
 6   13
 6   17
 6   18
 6   19
 7   1
 7   6
 7   8
 7   12
 7   13
 7   18
 7   19
 7   20
 8   3
 8   6
 8   7
 8   12
 8   13
 8   17
 8   18
 8   20
 9   1
 9   2
 9   4
 9   5
 9   11
 9   14
 9   15
 9   16
 10   1
 10   2
 10   4
 10   5
 10   11
 10   14
 10   15
 10   16
 11   1
 11   2
 11   5
 11   9
 11   10
 11   14
 11   16
 11   18
 12   3
 12   6
 12   7
 12   8
 12   13
 12   17
 12   18
 12   19
 12   20
 13   3
 13   6
 13   7
 13   8
 13   12
 13   17
 13   18
 13   20
 14   1
 14   2
 14   4
 14   5
 14   9
 14   10
 14   11
 14   15
 14   16
 15   1
 15   2
 15   4
 15   5
 15   9
 15   10
 15   14
 15   16
 16   1
 16   4
 16   5
 16   9
 16   10
 16   11
 16   14
 16   15
 17   3
 17   5
 17   6
 17   8
 17   12
 17   13
 17   18
 17   19
 17   20
 18   2
 18   3
 18   6
 18   7
 18   8
 18   11
 18   12
 18   13
 18   17
 18   19
 18   20
 19   3
 19   6
 19   7
 19   12
 19   17
 19   18
 19   20
 20   1
 20   3
 20   7
 20   8
 20   12
 20   13
 20   17
 20   18
 20   19
