 1   6
 1   7
 1   9
 1   12
 1   14
 1   15
 1   17
 1   18
 1   19
 1   20
 2   3
 2   4
 2   5
 2   8
 2   10
 2   11
 2   13
 2   16
 2   20
 3   2
 3   4
 3   5
 3   8
 3   10
 3   11
 3   12
 3   13
 3   16
 3   20
 4   2
 4   3
 4   5
 4   6
 4   8
 4   10
 4   11
 4   13
 4   16
 4   20
 5   2
 5   3
 5   4
 5   8
 5   10
 5   11
 5   13
 5   16
 5   18
 5   20
 6   1
 6   4
 6   7
 6   9
 6   12
 6   14
 6   15
 6   17
 6   18
 6   19
 7   1
 7   6
 7   9
 7   12
 7   14
 7   15
 7   17
 7   18
 7   19
 8   2
 8   3
 8   4
 8   5
 8   11
 8   13
 8   16
 8   20
 9   1
 9   6
 9   7
 9   11
 9   12
 9   14
 9   15
 9   17
 9   19
 10   2
 10   3
 10   4
 10   5
 10   11
 10   12
 10   13
 10   16
 10   20
 11   2
 11   3
 11   4
 11   5
 11   8
 11   9
 11   10
 11   13
 11   16
 11   20
 12   1
 12   3
 12   6
 12   7
 12   9
 12   10
 12   15
 12   17
 12   18
 12   19
 13   2
 13   3
 13   4
 13   5
 13   8
 13   10
 13   11
 13   16
 13   20
 14   1
 14   6
 14   7
 14   9
 14   15
 14   16
 14   17
 14   18
 14   19
 15   1
 15   6
 15   7
 15   9
 15   12
 15   14
 15   17
 15   18
 15   19
 16   2
 16   3
 16   4
 16   5
 16   8
 16   10
 16   11
 16   13
 16   14
 16   17
 16   20
 17   1
 17   6
 17   7
 17   9
 17   12
 17   14
 17   15
 17   16
 17   18
 17   19
 18   1
 18   5
 18   6
 18   7
 18   12
 18   14
 18   15
 18   17
 18   19
 19   1
 19   6
 19   7
 19   9
 19   12
 19   14
 19   15
 19   17
 19   18
 20   1
 20   2
 20   3
 20   4
 20   5
 20   8
 20   10
 20   11
 20   13
 20   16
