 1   5
 1   6
 1   8
 1   9
 1   11
 1   12
 1   13
 1   20
 2   3
 2   4
 2   7
 2   10
 2   12
 2   14
 2   15
 2   16
 2   17
 2   18
 3   2
 3   4
 3   10
 3   13
 3   14
 3   15
 3   16
 3   18
 4   2
 4   3
 4   7
 4   10
 4   14
 4   15
 4   16
 4   17
 4   18
 5   1
 5   6
 5   8
 5   9
 5   10
 5   11
 5   12
 5   13
 5   19
 5   20
 6   1
 6   5
 6   8
 6   9
 6   12
 6   13
 6   18
 6   19
 6   20
 7   2
 7   4
 7   10
 7   14
 7   18
 8   1
 8   5
 8   6
 8   9
 8   11
 8   12
 8   13
 8   15
 8   19
 8   20
 9   1
 9   5
 9   6
 9   8
 9   11
 9   12
 9   13
 9   17
 9   19
 9   20
 10   2
 10   3
 10   4
 10   5
 10   7
 10   11
 10   15
 10   16
 10   17
 10   18
 11   1
 11   5
 11   8
 11   9
 11   10
 11   12
 11   13
 11   19
 11   20
 12   1
 12   2
 12   5
 12   6
 12   8
 12   9
 12   11
 12   13
 12   16
 12   19
 12   20
 13   1
 13   3
 13   5
 13   6
 13   8
 13   9
 13   11
 13   12
 13   19
 13   20
 14   2
 14   3
 14   4
 14   7
 14   15
 14   16
 14   17
 14   18
 15   2
 15   3
 15   4
 15   8
 15   10
 15   14
 15   16
 15   18
 16   2
 16   3
 16   4
 16   10
 16   12
 16   14
 16   15
 16   17
 16   18
 17   2
 17   4
 17   9
 17   10
 17   14
 17   16
 18   2
 18   3
 18   4
 18   6
 18   7
 18   10
 18   14
 18   15
 18   16
 19   5
 19   6
 19   8
 19   9
 19   11
 19   12
 19   13
 19   20
 20   1
 20   5
 20   6
 20   8
 20   9
 20   11
 20   12
 20   13
 20   19
