 1   3
 1   4
 1   5
 1   8
 1   9
 1   10
 1   11
 1   12
 1   17
 1   19
 2   5
 2   6
 2   12
 2   13
 2   14
 2   15
 2   16
 2   18
 2   19
 2   20
 3   1
 3   4
 3   5
 3   7
 3   8
 3   9
 3   10
 3   11
 4   1
 4   3
 4   5
 4   7
 4   8
 4   9
 4   10
 4   11
 4   17
 5   1
 5   2
 5   3
 5   4
 5   7
 5   8
 5   9
 5   10
 5   11
 5   17
 6   2
 6   12
 6   13
 6   14
 6   15
 6   18
 6   19
 6   20
 7   3
 7   4
 7   5
 7   8
 7   9
 7   10
 7   11
 7   13
 7   17
 7   19
 8   1
 8   3
 8   4
 8   5
 8   7
 8   9
 8   10
 8   17
 9   1
 9   3
 9   4
 9   5
 9   7
 9   8
 9   10
 9   11
 9   17
 10   1
 10   3
 10   4
 10   5
 10   7
 10   8
 10   9
 10   11
 10   12
 10   13
 10   17
 11   1
 11   3
 11   4
 11   5
 11   7
 11   9
 11   10
 12   1
 12   2
 12   6
 12   10
 12   13
 12   16
 12   18
 12   19
 12   20
 13   2
 13   6
 13   7
 13   10
 13   12
 13   14
 13   15
 13   16
 13   18
 13   19
 13   20
 14   2
 14   6
 14   13
 14   15
 14   16
 14   18
 14   19
 14   20
 15   2
 15   6
 15   13
 15   14
 15   16
 15   19
 15   20
 16   2
 16   12
 16   13
 16   14
 16   15
 16   17
 16   18
 16   19
 16   20
 17   1
 17   4
 17   5
 17   7
 17   8
 17   9
 17   10
 17   16
 18   2
 18   6
 18   12
 18   13
 18   14
 18   16
 18   19
 18   20
 19   1
 19   2
 19   6
 19   7
 19   12
 19   13
 19   14
 19   15
 19   16
 19   18
 19   20
 20   2
 20   6
 20   12
 20   13
 20   14
 20   15
 20   16
 20   18
 20   19
