 1   2
 1   6
 1   7
 1   8
 1   10
 1   13
 1   14
 1   16
 1   17
 2   1
 2   5
 2   6
 2   7
 2   8
 2   10
 2   13
 2   14
 2   16
 2   17
 3   4
 3   5
 3   9
 3   11
 3   12
 3   13
 3   15
 3   18
 3   19
 3   20
 4   3
 4   5
 4   7
 4   9
 4   11
 4   12
 4   15
 4   18
 4   19
 4   20
 5   2
 5   3
 5   4
 5   9
 5   11
 5   12
 5   15
 5   18
 5   19
 5   20
 6   1
 6   2
 6   7
 6   8
 6   9
 6   10
 6   13
 6   16
 6   17
 7   1
 7   2
 7   4
 7   6
 7   8
 7   10
 7   11
 7   13
 7   16
 7   17
 8   1
 8   2
 8   6
 8   7
 8   10
 8   13
 8   14
 8   16
 8   17
 9   3
 9   4
 9   5
 9   6
 9   11
 9   12
 9   15
 9   16
 9   18
 9   20
 10   1
 10   2
 10   6
 10   7
 10   8
 10   13
 10   15
 10   16
 10   17
 11   3
 11   4
 11   5
 11   7
 11   9
 11   12
 11   15
 11   18
 11   19
 11   20
 12   3
 12   4
 12   5
 12   9
 12   11
 12   15
 12   18
 12   19
 12   20
 13   1
 13   2
 13   3
 13   6
 13   7
 13   8
 13   10
 13   14
 13   16
 13   17
 14   1
 14   2
 14   8
 14   13
 14   16
 14   17
 15   3
 15   4
 15   5
 15   9
 15   10
 15   11
 15   12
 15   18
 15   19
 15   20
 16   1
 16   2
 16   6
 16   7
 16   8
 16   9
 16   10
 16   13
 16   14
 16   17
 17   1
 17   2
 17   6
 17   7
 17   8
 17   10
 17   13
 17   14
 17   16
 17   20
 18   3
 18   4
 18   5
 18   9
 18   11
 18   12
 18   15
 18   19
 18   20
 19   3
 19   4
 19   5
 19   11
 19   12
 19   15
 19   18
 19   20
 20   3
 20   4
 20   5
 20   9
 20   11
 20   12
 20   15
 20   17
 20   18
 20   19
