 1   2
 1   3
 1   4
 1   6
 1   9
 1   10
 1   12
 1   13
 1   16
 1   19
 1   20
 2   1
 2   5
 2   7
 2   8
 2   13
 2   14
 2   17
 2   18
 2   19
 3   1
 3   6
 3   9
 3   10
 3   12
 3   13
 3   14
 3   16
 3   20
 4   1
 4   6
 4   9
 4   10
 4   12
 4   13
 4   15
 4   20
 5   2
 5   6
 5   7
 5   8
 5   11
 5   12
 5   14
 5   15
 5   17
 5   18
 6   1
 6   3
 6   4
 6   5
 6   9
 6   10
 6   12
 6   13
 6   16
 6   20
 7   2
 7   5
 7   8
 7   11
 7   14
 7   15
 7   17
 7   18
 7   19
 8   2
 8   5
 8   7
 8   11
 8   14
 8   15
 8   17
 8   18
 8   19
 9   1
 9   3
 9   4
 9   6
 9   10
 9   12
 9   13
 9   16
 9   20
 10   1
 10   3
 10   4
 10   6
 10   9
 10   12
 10   13
 10   16
 10   20
 11   5
 11   7
 11   8
 11   14
 11   15
 11   17
 11   18
 12   1
 12   3
 12   4
 12   5
 12   6
 12   9
 12   10
 12   13
 12   16
 12   17
 12   20
 13   1
 13   2
 13   3
 13   4
 13   6
 13   9
 13   10
 13   12
 13   20
 14   2
 14   3
 14   5
 14   7
 14   8
 14   11
 14   15
 14   17
 14   18
 15   4
 15   5
 15   7
 15   8
 15   11
 15   14
 15   17
 15   18
 15   19
 16   1
 16   3
 16   6
 16   9
 16   10
 16   12
 16   20
 17   2
 17   5
 17   7
 17   8
 17   11
 17   12
 17   14
 17   15
 17   18
 17   19
 18   2
 18   5
 18   7
 18   8
 18   11
 18   14
 18   15
 18   17
 18   19
 19   1
 19   2
 19   7
 19   8
 19   15
 19   17
 19   18
 20   1
 20   3
 20   4
 20   6
 20   9
 20   10
 20   12
 20   13
 20   16
