 1   7
 1   8
 1   9
 1   10
 1   11
 1   12
 1   14
 1   16
 1   18
 2   3
 2   5
 2   7
 2   13
 2   15
 2   17
 2   19
 2   20
 3   2
 3   4
 3   5
 3   6
 3   13
 3   15
 3   16
 3   17
 3   18
 3   19
 3   20
 4   3
 4   5
 4   6
 4   13
 4   15
 4   17
 4   20
 5   2
 5   3
 5   4
 5   13
 5   15
 5   17
 5   19
 6   3
 6   4
 6   8
 6   13
 6   14
 6   15
 6   19
 6   20
 7   1
 7   2
 7   8
 7   9
 7   10
 7   12
 7   18
 7   20
 8   1
 8   6
 8   7
 8   9
 8   10
 8   11
 8   12
 8   14
 8   16
 8   18
 9   1
 9   7
 9   8
 9   10
 9   11
 9   12
 9   15
 9   17
 9   18
 10   1
 10   7
 10   8
 10   9
 10   11
 10   12
 10   14
 10   16
 10   18
 11   1
 11   8
 11   9
 11   10
 11   12
 11   14
 11   16
 11   18
 12   1
 12   7
 12   8
 12   9
 12   10
 12   11
 12   14
 12   16
 12   18
 13   2
 13   3
 13   4
 13   5
 13   6
 13   15
 13   17
 13   19
 13   20
 14   1
 14   6
 14   8
 14   10
 14   11
 14   12
 14   16
 15   2
 15   3
 15   4
 15   5
 15   6
 15   9
 15   13
 15   17
 15   19
 15   20
 16   1
 16   3
 16   8
 16   10
 16   11
 16   12
 16   14
 16   18
 17   2
 17   3
 17   4
 17   5
 17   9
 17   13
 17   15
 17   19
 17   20
 18   1
 18   3
 18   7
 18   8
 18   9
 18   10
 18   11
 18   12
 18   16
 19   2
 19   3
 19   5
 19   6
 19   13
 19   15
 19   17
 19   20
 20   2
 20   3
 20   4
 20   6
 20   7
 20   13
 20   15
 20   17
 20   19
