 1   2
 1   8
 1   11
 1   13
 1   14
 1   16
 1   17
 1   18
 1   19
 2   1
 2   5
 2   8
 2   11
 2   12
 2   13
 2   14
 2   16
 2   17
 2   19
 3   4
 3   5
 3   6
 3   9
 3   10
 3   15
 3   18
 3   20
 4   3
 4   5
 4   6
 4   7
 4   9
 4   10
 4   15
 4   18
 4   20
 5   2
 5   3
 5   4
 5   6
 5   7
 5   9
 5   10
 5   15
 5   18
 5   19
 5   20
 6   3
 6   4
 6   5
 6   7
 6   9
 6   10
 6   11
 6   18
 6   20
 7   4
 7   5
 7   6
 7   9
 7   10
 7   13
 7   15
 7   20
 8   1
 8   2
 8   11
 8   12
 8   13
 8   14
 8   16
 8   17
 8   19
 9   3
 9   4
 9   5
 9   6
 9   7
 9   10
 9   11
 9   18
 10   3
 10   4
 10   5
 10   6
 10   7
 10   9
 10   14
 10   15
 10   18
 11   1
 11   2
 11   6
 11   8
 11   9
 11   12
 11   13
 11   14
 11   16
 11   17
 11   19
 12   2
 12   8
 12   11
 12   13
 12   14
 12   15
 12   16
 12   17
 12   19
 13   1
 13   2
 13   7
 13   8
 13   11
 13   12
 13   14
 13   16
 13   17
 13   19
 14   1
 14   2
 14   8
 14   10
 14   11
 14   12
 14   13
 14   16
 14   17
 14   19
 15   3
 15   4
 15   5
 15   7
 15   10
 15   12
 15   18
 16   1
 16   2
 16   8
 16   11
 16   12
 16   13
 16   14
 16   17
 16   19
 17   1
 17   2
 17   8
 17   11
 17   12
 17   13
 17   14
 17   16
 17   19
 18   1
 18   3
 18   4
 18   5
 18   6
 18   9
 18   10
 18   15
 18   20
 19   1
 19   2
 19   5
 19   8
 19   11
 19   12
 19   13
 19   14
 19   16
 19   17
 20   3
 20   4
 20   5
 20   6
 20   7
 20   18
