 1   4
 1   6
 1   8
 1   11
 1   12
 1   16
 1   17
 2   3
 2   7
 2   9
 2   10
 2   13
 2   14
 2   15
 2   19
 3   2
 3   7
 3   8
 3   9
 3   10
 3   13
 3   15
 3   18
 3   19
 4   1
 4   5
 4   6
 4   8
 4   11
 4   12
 4   16
 4   17
 4   20
 5   4
 5   6
 5   8
 5   10
 5   11
 5   16
 5   17
 5   20
 6   1
 6   4
 6   5
 6   8
 6   11
 6   12
 6   13
 6   16
 6   17
 6   20
 7   2
 7   3
 7   9
 7   10
 7   13
 7   14
 7   15
 7   16
 7   18
 7   19
 8   1
 8   3
 8   4
 8   5
 8   6
 8   11
 8   12
 8   16
 8   17
 8   20
 9   2
 9   3
 9   7
 9   10
 9   12
 9   13
 9   14
 9   15
 9   18
 9   19
 9   20
 10   2
 10   3
 10   5
 10   7
 10   9
 10   13
 10   14
 10   15
 10   18
 10   19
 11   1
 11   4
 11   5
 11   6
 11   8
 11   12
 11   16
 11   17
 11   20
 12   1
 12   4
 12   6
 12   8
 12   9
 12   11
 12   16
 12   17
 12   20
 13   2
 13   3
 13   6
 13   7
 13   9
 13   10
 13   14
 13   15
 13   18
 14   2
 14   7
 14   9
 14   10
 14   13
 14   15
 14   16
 14   18
 14   19
 15   2
 15   3
 15   7
 15   9
 15   10
 15   13
 15   14
 15   18
 15   19
 16   1
 16   4
 16   5
 16   6
 16   7
 16   8
 16   11
 16   12
 16   14
 16   17
 16   20
 17   1
 17   4
 17   5
 17   6
 17   8
 17   11
 17   12
 17   16
 17   19
 17   20
 18   3
 18   7
 18   9
 18   10
 18   13
 18   14
 18   15
 18   19
 19   2
 19   3
 19   7
 19   9
 19   10
 19   14
 19   15
 19   17
 19   18
 20   4
 20   5
 20   6
 20   8
 20   9
 20   11
 20   12
 20   16
 20   17
