 1   2
 1   6
 1   8
 1   9
 1   11
 1   12
 1   13
 1   17
 1   18
 2   1
 2   4
 2   5
 2   6
 2   8
 2   9
 2   11
 2   12
 2   13
 2   17
 2   18
 3   5
 3   7
 3   10
 3   14
 3   15
 3   16
 3   17
 3   19
 3   20
 4   2
 4   5
 4   7
 4   10
 4   14
 4   15
 4   16
 4   19
 4   20
 5   2
 5   3
 5   4
 5   7
 5   10
 5   14
 5   16
 5   19
 5   20
 6   1
 6   2
 6   8
 6   9
 6   11
 6   12
 6   13
 6   17
 6   18
 7   3
 7   4
 7   5
 7   10
 7   14
 7   15
 7   19
 7   20
 8   1
 8   2
 8   6
 8   9
 8   11
 8   12
 8   13
 8   17
 8   18
 9   1
 9   2
 9   6
 9   8
 9   11
 9   12
 9   13
 9   15
 9   17
 9   18
 10   3
 10   4
 10   5
 10   7
 10   14
 10   15
 10   19
 10   20
 11   1
 11   2
 11   6
 11   8
 11   9
 11   12
 11   13
 11   17
 11   18
 12   1
 12   2
 12   6
 12   8
 12   9
 12   11
 12   13
 12   17
 12   18
 13   1
 13   2
 13   6
 13   8
 13   9
 13   11
 13   12
 13   16
 13   17
 13   18
 14   3
 14   4
 14   5
 14   7
 14   10
 14   15
 14   16
 14   19
 14   20
 15   3
 15   4
 15   7
 15   9
 15   10
 15   14
 15   16
 15   18
 15   19
 15   20
 16   3
 16   4
 16   5
 16   13
 16   14
 16   15
 16   19
 16   20
 17   1
 17   2
 17   3
 17   6
 17   8
 17   9
 17   11
 17   12
 17   13
 17   18
 18   1
 18   2
 18   6
 18   8
 18   9
 18   11
 18   12
 18   13
 18   15
 18   17
 19   3
 19   4
 19   5
 19   7
 19   10
 19   14
 19   15
 19   16
 19   20
 20   3
 20   4
 20   5
 20   7
 20   10
 20   14
 20   15
 20   16
 20   19
