 1   2
 1   3
 1   4
 1   7
 1   9
 1   11
 1   13
 1   15
 1   16
 1   17
 1   19
 2   1
 2   3
 2   4
 2   7
 2   8
 2   9
 2   16
 2   19
 2   20
 3   1
 3   2
 3   4
 3   7
 3   9
 3   11
 3   16
 3   19
 3   20
 4   1
 4   2
 4   3
 4   7
 4   9
 4   11
 4   16
 4   19
 4   20
 5   8
 5   12
 5   13
 5   14
 5   15
 5   18
 5   19
 6   8
 6   10
 6   12
 6   13
 6   14
 6   17
 6   18
 7   1
 7   2
 7   3
 7   4
 7   9
 7   11
 7   16
 7   19
 7   20
 8   2
 8   5
 8   6
 8   12
 8   13
 8   14
 8   15
 8   16
 8   17
 8   18
 8   19
 9   1
 9   2
 9   3
 9   4
 9   7
 9   11
 9   19
 9   20
 10   6
 10   12
 10   13
 10   14
 10   15
 10   17
 10   18
 11   1
 11   3
 11   4
 11   7
 11   9
 11   16
 11   19
 11   20
 12   5
 12   6
 12   8
 12   10
 12   13
 12   14
 12   15
 12   17
 12   18
 13   1
 13   5
 13   6
 13   8
 13   10
 13   12
 13   14
 13   15
 13   17
 13   18
 14   5
 14   6
 14   8
 14   10
 14   12
 14   13
 14   15
 14   17
 14   18
 15   1
 15   5
 15   8
 15   10
 15   12
 15   13
 15   14
 15   17
 15   18
 16   1
 16   2
 16   3
 16   4
 16   7
 16   8
 16   11
 16   19
 16   20
 17   1
 17   6
 17   8
 17   10
 17   12
 17   13
 17   14
 17   15
 17   18
 17   20
 18   5
 18   6
 18   8
 18   10
 18   12
 18   13
 18   14
 18   15
 18   17
 19   1
 19   2
 19   3
 19   4
 19   5
 19   7
 19   8
 19   9
 19   11
 19   16
 19   20
 20   2
 20   3
 20   4
 20   7
 20   9
 20   11
 20   16
 20   17
 20   19
