 1   4
 1   5
 1   6
 1   7
 1   8
 1   9
 1   10
 1   15
 1   16
 1   17
 2   3
 2   5
 2   11
 2   12
 2   13
 2   17
 2   18
 2   19
 3   2
 3   5
 3   11
 3   13
 3   14
 3   17
 3   18
 3   19
 3   20
 4   1
 4   5
 4   7
 4   8
 4   9
 4   10
 4   15
 4   16
 4   17
 5   1
 5   2
 5   3
 5   4
 5   7
 5   11
 5   13
 5   14
 5   18
 5   19
 5   20
 6   1
 6   7
 6   8
 6   10
 6   15
 6   16
 7   1
 7   4
 7   5
 7   6
 7   8
 7   9
 7   10
 7   12
 7   15
 7   16
 7   17
 8   1
 8   4
 8   6
 8   7
 8   9
 8   10
 8   15
 9   1
 9   4
 9   7
 9   8
 9   10
 9   15
 9   16
 9   17
 10   1
 10   4
 10   6
 10   7
 10   8
 10   9
 10   15
 10   16
 10   17
 11   2
 11   3
 11   5
 11   12
 11   14
 11   16
 11   17
 11   18
 11   19
 11   20
 12   2
 12   7
 12   11
 12   14
 12   18
 12   19
 12   20
 13   2
 13   3
 13   5
 13   14
 13   19
 14   3
 14   5
 14   11
 14   12
 14   13
 14   18
 14   19
 14   20
 15   1
 15   4
 15   6
 15   7
 15   8
 15   9
 15   10
 15   16
 15   17
 16   1
 16   4
 16   6
 16   7
 16   9
 16   10
 16   11
 16   15
 16   17
 17   1
 17   2
 17   3
 17   4
 17   7
 17   9
 17   10
 17   11
 17   15
 17   16
 18   2
 18   3
 18   5
 18   11
 18   12
 18   14
 18   19
 18   20
 19   2
 19   3
 19   5
 19   11
 19   12
 19   13
 19   14
 19   18
 19   20
 20   3
 20   5
 20   11
 20   12
 20   14
 20   18
 20   19
