 1   2
 1   7
 1   9
 1   11
 1   12
 1   14
 1   16
 1   18
 1   19
 2   1
 2   4
 2   5
 2   6
 2   7
 2   8
 2   13
 2   15
 2   16
 2   20
 3   4
 3   5
 3   6
 3   13
 3   14
 3   15
 3   16
 3   20
 4   2
 4   3
 4   5
 4   6
 4   8
 4   9
 4   13
 4   15
 4   16
 4   20
 5   2
 5   3
 5   4
 5   6
 5   13
 5   15
 5   16
 5   19
 5   20
 6   2
 6   3
 6   4
 6   5
 6   8
 6   13
 6   15
 6   16
 6   20
 7   1
 7   2
 7   9
 7   10
 7   11
 7   12
 7   17
 7   18
 8   2
 8   4
 8   6
 8   13
 8   15
 8   16
 8   20
 9   1
 9   4
 9   7
 9   10
 9   11
 9   12
 9   14
 9   17
 9   18
 9   19
 10   7
 10   9
 10   11
 10   12
 10   14
 10   17
 10   18
 10   19
 11   1
 11   7
 11   9
 11   10
 11   12
 11   14
 11   17
 11   18
 11   19
 11   20
 12   1
 12   7
 12   9
 12   10
 12   11
 12   14
 12   17
 12   18
 12   19
 13   2
 13   3
 13   4
 13   5
 13   6
 13   8
 13   15
 13   16
 13   20
 14   1
 14   3
 14   9
 14   10
 14   11
 14   12
 14   17
 14   18
 14   19
 14   20
 15   2
 15   3
 15   4
 15   5
 15   6
 15   8
 15   13
 15   16
 15   20
 16   1
 16   2
 16   3
 16   4
 16   5
 16   6
 16   8
 16   13
 16   15
 16   20
 17   7
 17   9
 17   10
 17   11
 17   12
 17   14
 17   18
 17   19
 18   1
 18   7
 18   9
 18   10
 18   11
 18   12
 18   14
 18   17
 18   19
 19   1
 19   5
 19   9
 19   10
 19   11
 19   12
 19   14
 19   17
 19   18
 20   2
 20   3
 20   4
 20   5
 20   6
 20   8
 20   11
 20   13
 20   14
 20   15
 20   16
