 1   2
 1   3
 1   4
 1   6
 1   10
 1   11
 1   14
 1   19
 1   20
 2   1
 2   3
 2   4
 2   6
 2   10
 2   11
 2   13
 2   14
 2   20
 3   1
 3   2
 3   4
 3   6
 3   11
 3   19
 3   20
 4   1
 4   2
 4   3
 4   6
 4   10
 4   11
 4   13
 5   7
 5   8
 5   9
 5   12
 5   14
 5   15
 5   16
 5   17
 5   18
 6   1
 6   2
 6   3
 6   4
 6   10
 6   11
 6   13
 6   14
 6   15
 6   19
 6   20
 7   5
 7   8
 7   9
 7   12
 7   14
 7   15
 7   16
 7   17
 7   18
 8   5
 8   7
 8   9
 8   12
 8   14
 8   15
 8   16
 8   17
 8   18
 8   19
 9   5
 9   7
 9   8
 9   12
 9   14
 9   15
 9   16
 9   17
 9   18
 10   1
 10   2
 10   4
 10   6
 10   13
 10   17
 10   19
 11   1
 11   2
 11   3
 11   4
 11   6
 11   13
 11   19
 11   20
 12   5
 12   7
 12   8
 12   9
 12   14
 12   15
 12   16
 12   17
 12   18
 13   2
 13   4
 13   6
 13   10
 13   11
 13   19
 13   20
 14   1
 14   2
 14   5
 14   6
 14   7
 14   8
 14   9
 14   12
 14   15
 14   16
 14   17
 14   18
 15   5
 15   6
 15   7
 15   8
 15   9
 15   12
 15   14
 15   16
 15   17
 15   18
 16   5
 16   7
 16   8
 16   9
 16   12
 16   14
 16   15
 16   17
 16   18
 16   19
 17   5
 17   7
 17   8
 17   9
 17   10
 17   12
 17   14
 17   15
 17   16
 17   18
 17   19
 18   5
 18   7
 18   8
 18   9
 18   12
 18   14
 18   15
 18   16
 18   17
 19   1
 19   3
 19   6
 19   8
 19   10
 19   11
 19   13
 19   16
 19   17
 19   20
 20   1
 20   2
 20   3
 20   6
 20   11
 20   13
 20   19
