 1   4
 1   6
 1   8
 1   10
 1   11
 1   12
 1   15
 1   17
 1   19
 2   5
 2   7
 2   9
 2   13
 2   15
 2   16
 2   18
 2   20
 3   5
 3   7
 3   9
 3   13
 3   15
 3   16
 3   18
 3   20
 4   1
 4   6
 4   8
 4   10
 4   11
 4   12
 4   14
 4   17
 4   19
 4   20
 5   2
 5   3
 5   7
 5   9
 5   13
 5   15
 5   16
 5   18
 5   20
 6   1
 6   4
 6   8
 6   11
 6   12
 6   14
 6   18
 6   19
 7   2
 7   3
 7   5
 7   9
 7   15
 7   16
 7   18
 8   1
 8   4
 8   6
 8   10
 8   11
 8   12
 8   14
 8   17
 8   19
 9   2
 9   3
 9   5
 9   7
 9   11
 9   13
 9   15
 9   16
 9   18
 9   20
 10   1
 10   4
 10   8
 10   11
 10   12
 10   14
 10   17
 10   19
 11   1
 11   4
 11   6
 11   8
 11   9
 11   10
 11   12
 11   14
 11   17
 11   19
 12   1
 12   4
 12   6
 12   8
 12   10
 12   11
 12   14
 12   17
 13   2
 13   3
 13   5
 13   9
 13   15
 13   16
 13   17
 13   18
 13   20
 14   4
 14   6
 14   8
 14   10
 14   11
 14   12
 14   17
 14   19
 15   1
 15   2
 15   3
 15   5
 15   7
 15   9
 15   13
 15   16
 15   20
 16   2
 16   3
 16   5
 16   7
 16   9
 16   13
 16   15
 16   18
 16   19
 16   20
 17   1
 17   4
 17   8
 17   10
 17   11
 17   12
 17   13
 17   14
 17   19
 18   2
 18   3
 18   5
 18   6
 18   7
 18   9
 18   13
 18   16
 18   20
 19   1
 19   4
 19   6
 19   8
 19   10
 19   11
 19   14
 19   16
 19   17
 20   2
 20   3
 20   4
 20   5
 20   9
 20   13
 20   15
 20   16
 20   18
