 1   2
 1   4
 1   6
 1   7
 1   11
 1   12
 1   13
 1   14
 2   1
 2   4
 2   6
 2   7
 2   9
 2   11
 2   12
 2   13
 2   14
 3   5
 3   8
 3   10
 3   15
 3   16
 3   17
 3   18
 3   19
 3   20
 4   1
 4   2
 4   6
 4   7
 4   11
 4   12
 4   13
 4   14
 4   16
 4   17
 5   3
 5   8
 5   10
 5   15
 5   16
 5   17
 5   18
 5   19
 5   20
 6   1
 6   2
 6   4
 6   7
 6   9
 6   11
 6   12
 6   13
 6   14
 7   1
 7   2
 7   4
 7   6
 7   9
 7   11
 7   13
 7   14
 8   3
 8   5
 8   10
 8   15
 8   16
 8   17
 8   18
 8   19
 8   20
 9   2
 9   6
 9   7
 9   11
 9   12
 9   13
 9   14
 10   3
 10   5
 10   8
 10   15
 10   16
 10   18
 10   19
 10   20
 11   1
 11   2
 11   4
 11   6
 11   7
 11   9
 11   12
 11   13
 11   14
 11   16
 11   20
 12   1
 12   2
 12   4
 12   6
 12   9
 12   11
 12   13
 12   14
 13   1
 13   2
 13   4
 13   6
 13   7
 13   9
 13   11
 13   12
 13   14
 13   17
 13   20
 14   1
 14   2
 14   4
 14   6
 14   7
 14   9
 14   11
 14   12
 14   13
 15   3
 15   5
 15   8
 15   10
 15   16
 15   17
 15   18
 15   19
 15   20
 16   3
 16   4
 16   5
 16   8
 16   10
 16   11
 16   15
 16   17
 16   18
 16   19
 16   20
 17   3
 17   4
 17   5
 17   8
 17   13
 17   15
 17   16
 17   18
 17   20
 18   3
 18   5
 18   8
 18   10
 18   15
 18   16
 18   17
 18   19
 18   20
 19   3
 19   5
 19   8
 19   10
 19   15
 19   16
 19   18
 20   3
 20   5
 20   8
 20   10
 20   11
 20   13
 20   15
 20   16
 20   17
 20   18
