 1   2
 1   4
 1   5
 1   8
 1   12
 1   13
 1   14
 1   15
 1   17
 2   1
 2   3
 2   4
 2   5
 2   7
 2   8
 2   10
 2   12
 2   13
 2   14
 2   15
 2   17
 3   2
 3   6
 3   7
 3   9
 3   10
 3   11
 3   16
 3   18
 3   19
 3   20
 4   1
 4   2
 4   5
 4   8
 4   11
 4   12
 4   13
 4   14
 4   15
 4   17
 5   1
 5   2
 5   4
 5   8
 5   11
 5   12
 5   13
 5   14
 5   15
 5   17
 6   3
 6   7
 6   9
 6   10
 6   11
 6   15
 6   16
 6   18
 6   19
 6   20
 7   2
 7   3
 7   6
 7   9
 7   10
 7   11
 7   18
 7   20
 8   1
 8   2
 8   4
 8   5
 8   12
 8   13
 8   14
 8   15
 8   17
 9   3
 9   6
 9   7
 9   10
 9   11
 9   16
 9   18
 9   19
 10   2
 10   3
 10   6
 10   7
 10   9
 10   11
 10   13
 10   16
 10   18
 10   20
 11   3
 11   4
 11   5
 11   6
 11   7
 11   9
 11   10
 11   15
 11   16
 11   18
 11   19
 11   20
 12   1
 12   2
 12   4
 12   5
 12   8
 12   13
 12   14
 12   15
 12   17
 13   1
 13   2
 13   4
 13   5
 13   8
 13   10
 13   12
 13   14
 13   15
 13   17
 14   1
 14   2
 14   4
 14   5
 14   8
 14   12
 14   13
 14   15
 14   17
 15   1
 15   2
 15   4
 15   5
 15   6
 15   8
 15   11
 15   12
 15   13
 15   14
 15   17
 16   3
 16   6
 16   9
 16   10
 16   11
 16   18
 16   19
 16   20
 17   1
 17   2
 17   4
 17   5
 17   8
 17   12
 17   13
 17   14
 17   15
 18   3
 18   6
 18   7
 18   9
 18   10
 18   11
 18   16
 18   19
 18   20
 19   3
 19   6
 19   9
 19   11
 19   16
 19   18
 19   20
 20   3
 20   6
 20   7
 20   10
 20   11
 20   16
 20   18
 20   19
