 1   2
 1   5
 1   6
 1   8
 1   10
 1   11
 1   12
 1   14
 1   18
 2   1
 2   5
 2   6
 2   8
 2   10
 2   11
 2   12
 2   14
 2   18
 3   4
 3   7
 3   9
 3   15
 3   17
 3   19
 3   20
 4   3
 4   7
 4   9
 4   13
 4   14
 4   15
 4   16
 4   17
 4   19
 5   1
 5   2
 5   8
 5   10
 5   11
 5   12
 5   14
 5   18
 5   19
 6   1
 6   2
 6   8
 6   10
 6   11
 6   12
 6   14
 6   18
 7   3
 7   4
 7   9
 7   13
 7   15
 7   16
 7   17
 7   19
 7   20
 8   1
 8   2
 8   5
 8   6
 8   10
 8   11
 8   12
 8   14
 9   3
 9   4
 9   7
 9   13
 9   15
 9   16
 9   17
 9   19
 9   20
 10   1
 10   2
 10   5
 10   6
 10   8
 10   11
 10   12
 10   14
 10   18
 10   19
 11   1
 11   2
 11   5
 11   6
 11   8
 11   10
 11   12
 11   18
 11   19
 12   1
 12   2
 12   5
 12   6
 12   8
 12   10
 12   11
 12   14
 12   18
 13   4
 13   7
 13   9
 13   15
 13   16
 13   17
 13   19
 14   1
 14   2
 14   4
 14   5
 14   6
 14   8
 14   10
 14   12
 14   16
 14   17
 14   18
 15   3
 15   4
 15   7
 15   9
 15   13
 15   16
 15   17
 15   19
 15   20
 16   4
 16   7
 16   9
 16   13
 16   14
 16   15
 16   17
 16   19
 16   20
 17   3
 17   4
 17   7
 17   9
 17   13
 17   14
 17   15
 17   16
 17   19
 17   20
 18   1
 18   2
 18   5
 18   6
 18   10
 18   11
 18   12
 18   14
 19   3
 19   4
 19   5
 19   7
 19   9
 19   10
 19   11
 19   13
 19   15
 19   16
 19   17
 19   20
 20   3
 20   7
 20   9
 20   15
 20   16
 20   17
 20   19
