 1   3
 1   4
 1   5
 1   9
 1   10
 1   11
 1   13
 1   15
 1   17
 2   6
 2   8
 2   11
 2   12
 2   14
 2   16
 2   18
 2   19
 2   20
 3   1
 3   4
 3   5
 3   9
 3   10
 3   11
 3   13
 3   15
 3   17
 4   1
 4   3
 4   5
 4   9
 4   10
 4   11
 4   13
 4   15
 4   17
 5   1
 5   3
 5   4
 5   9
 5   10
 5   11
 5   13
 5   15
 5   17
 6   2
 6   7
 6   8
 6   14
 6   18
 6   19
 6   20
 7   6
 7   8
 7   12
 7   14
 7   16
 7   18
 7   19
 7   20
 8   2
 8   6
 8   7
 8   12
 8   14
 8   16
 8   18
 8   20
 9   1
 9   3
 9   4
 9   5
 9   11
 9   13
 9   17
 10   1
 10   3
 10   4
 10   5
 10   11
 10   13
 10   15
 11   1
 11   2
 11   3
 11   4
 11   5
 11   9
 11   10
 11   12
 11   13
 11   15
 11   16
 11   17
 12   2
 12   7
 12   8
 12   11
 12   14
 12   16
 12   18
 12   19
 12   20
 13   1
 13   3
 13   4
 13   5
 13   9
 13   10
 13   11
 13   15
 13   17
 13   20
 14   2
 14   6
 14   7
 14   8
 14   12
 14   16
 14   18
 14   19
 14   20
 15   1
 15   3
 15   4
 15   5
 15   10
 15   11
 15   13
 15   17
 15   20
 16   2
 16   7
 16   8
 16   11
 16   12
 16   14
 16   18
 16   19
 16   20
 17   1
 17   3
 17   4
 17   5
 17   9
 17   11
 17   13
 17   15
 17   20
 18   2
 18   6
 18   7
 18   8
 18   12
 18   14
 18   16
 18   19
 18   20
 19   2
 19   6
 19   7
 19   12
 19   14
 19   16
 19   18
 19   20
 20   2
 20   6
 20   7
 20   8
 20   12
 20   13
 20   14
 20   15
 20   16
 20   17
 20   18
 20   19
