 1   2
 1   5
 1   9
 1   10
 1   11
 1   12
 1   13
 1   14
 1   15
 2   1
 2   5
 2   9
 2   11
 2   12
 2   14
 3   4
 3   6
 3   7
 3   8
 3   16
 3   17
 3   18
 3   20
 4   3
 4   7
 4   8
 4   14
 4   15
 4   16
 4   17
 4   19
 4   20
 5   1
 5   2
 5   8
 5   9
 5   10
 5   11
 5   12
 5   14
 5   15
 6   3
 6   7
 6   8
 6   16
 6   17
 6   18
 6   19
 6   20
 7   3
 7   4
 7   6
 7   8
 7   16
 7   18
 7   19
 7   20
 8   3
 8   4
 8   5
 8   6
 8   7
 8   11
 8   16
 8   17
 8   18
 8   19
 8   20
 9   1
 9   2
 9   5
 9   10
 9   11
 9   12
 9   13
 9   14
 9   15
 9   16
 10   1
 10   5
 10   9
 10   11
 10   12
 10   13
 10   14
 10   15
 11   1
 11   2
 11   5
 11   8
 11   9
 11   10
 11   12
 11   13
 11   14
 11   15
 11   16
 12   1
 12   2
 12   5
 12   9
 12   10
 12   11
 12   13
 12   14
 12   15
 13   1
 13   9
 13   10
 13   11
 13   12
 13   15
 14   1
 14   2
 14   4
 14   5
 14   9
 14   10
 14   11
 14   12
 14   15
 14   18
 15   1
 15   4
 15   5
 15   9
 15   10
 15   11
 15   12
 15   13
 15   14
 15   19
 16   3
 16   4
 16   6
 16   7
 16   8
 16   9
 16   11
 16   17
 16   18
 16   19
 16   20
 17   3
 17   4
 17   6
 17   8
 17   16
 17   18
 17   19
 17   20
 18   3
 18   6
 18   7
 18   8
 18   14
 18   16
 18   17
 18   19
 19   4
 19   6
 19   7
 19   8
 19   15
 19   16
 19   17
 19   18
 19   20
 20   3
 20   4
 20   6
 20   7
 20   8
 20   16
 20   17
 20   19
