 1   3
 1   4
 1   7
 1   9
 1   10
 1   13
 1   14
 1   15
 1   18
 2   5
 2   6
 2   8
 2   12
 2   16
 2   19
 2   20
 3   1
 3   4
 3   5
 3   7
 3   9
 3   10
 3   12
 3   13
 3   14
 3   15
 3   18
 4   1
 4   3
 4   7
 4   9
 4   13
 4   14
 4   15
 4   18
 5   2
 5   3
 5   6
 5   8
 5   9
 5   11
 5   12
 5   15
 5   16
 5   17
 5   19
 5   20
 6   2
 6   5
 6   8
 6   10
 6   11
 6   12
 6   16
 6   17
 6   19
 6   20
 7   1
 7   3
 7   4
 7   9
 7   10
 7   13
 7   14
 7   15
 7   18
 8   2
 8   5
 8   6
 8   11
 8   12
 8   16
 8   17
 8   20
 9   1
 9   3
 9   4
 9   5
 9   7
 9   10
 9   13
 9   14
 9   15
 9   18
 10   1
 10   3
 10   6
 10   7
 10   9
 10   13
 10   14
 10   15
 10   16
 10   18
 10   19
 11   5
 11   6
 11   8
 11   12
 11   16
 11   17
 11   19
 11   20
 12   2
 12   3
 12   5
 12   6
 12   8
 12   11
 12   16
 12   17
 12   19
 12   20
 13   1
 13   3
 13   4
 13   7
 13   9
 13   10
 13   14
 13   15
 13   18
 13   19
 14   1
 14   3
 14   4
 14   7
 14   9
 14   10
 14   13
 14   15
 14   18
 15   1
 15   3
 15   4
 15   5
 15   7
 15   9
 15   10
 15   13
 15   14
 15   18
 16   2
 16   5
 16   6
 16   8
 16   10
 16   11
 16   12
 16   17
 16   20
 17   5
 17   6
 17   8
 17   11
 17   12
 17   16
 17   19
 18   1
 18   3
 18   4
 18   7
 18   9
 18   10
 18   13
 18   14
 18   15
 19   2
 19   5
 19   6
 19   10
 19   11
 19   12
 19   13
 19   17
 19   20
 20   2
 20   5
 20   6
 20   8
 20   11
 20   12
 20   16
 20   19
