 1   3
 1   6
 1   9
 1   11
 1   12
 1   13
 1   14
 1   15
 1   18
 1   19
 1   20
 2   3
 2   4
 2   5
 2   7
 2   8
 2   9
 2   16
 3   1
 3   2
 3   4
 3   5
 3   7
 3   8
 3   9
 3   10
 3   17
 4   2
 4   3
 4   5
 4   7
 4   8
 4   9
 4   10
 4   16
 4   17
 5   2
 5   3
 5   4
 5   7
 5   8
 5   9
 5   10
 5   14
 5   15
 5   17
 6   1
 6   7
 6   8
 6   11
 6   12
 6   13
 6   14
 6   15
 6   18
 6   19
 6   20
 7   2
 7   3
 7   4
 7   5
 7   6
 7   8
 7   9
 7   10
 7   16
 7   17
 8   2
 8   3
 8   4
 8   5
 8   6
 8   7
 8   9
 8   10
 8   16
 8   17
 9   1
 9   2
 9   3
 9   4
 9   5
 9   7
 9   8
 9   10
 9   16
 9   17
 10   3
 10   4
 10   5
 10   7
 10   8
 10   9
 10   16
 10   17
 11   1
 11   6
 11   12
 11   13
 11   15
 11   18
 11   19
 11   20
 12   1
 12   6
 12   11
 12   13
 12   14
 12   15
 12   17
 12   18
 12   19
 12   20
 13   1
 13   6
 13   11
 13   12
 13   14
 13   15
 13   18
 13   19
 13   20
 14   1
 14   5
 14   6
 14   12
 14   13
 14   15
 14   18
 14   19
 14   20
 15   1
 15   5
 15   6
 15   11
 15   12
 15   13
 15   14
 15   19
 15   20
 16   2
 16   4
 16   7
 16   8
 16   9
 16   10
 16   17
 17   3
 17   4
 17   5
 17   7
 17   8
 17   9
 17   10
 17   12
 17   16
 17   19
 18   1
 18   6
 18   11
 18   12
 18   13
 18   14
 18   19
 18   20
 19   1
 19   6
 19   11
 19   12
 19   13
 19   14
 19   15
 19   17
 19   18
 19   20
 20   1
 20   6
 20   11
 20   12
 20   13
 20   14
 20   15
 20   18
 20   19
