 1   2
 1   3
 1   5
 1   7
 1   9
 1   13
 1   15
 1   16
 1   19
 2   1
 2   3
 2   4
 2   7
 2   9
 2   13
 2   15
 2   16
 2   19
 3   1
 3   2
 3   5
 3   13
 3   15
 3   16
 3   19
 4   2
 4   6
 4   8
 4   9
 4   10
 4   12
 4   17
 4   18
 4   19
 4   20
 5   1
 5   3
 5   7
 5   9
 5   10
 5   11
 5   13
 5   15
 5   16
 5   17
 5   19
 6   4
 6   8
 6   10
 6   11
 6   12
 6   13
 6   14
 6   18
 6   20
 7   1
 7   2
 7   5
 7   9
 7   13
 7   15
 7   16
 7   19
 8   4
 8   6
 8   10
 8   11
 8   12
 8   14
 8   17
 8   18
 8   20
 9   1
 9   2
 9   4
 9   5
 9   7
 9   13
 9   15
 9   16
 9   19
 10   4
 10   5
 10   6
 10   8
 10   11
 10   12
 10   14
 10   17
 10   18
 10   20
 11   5
 11   6
 11   8
 11   10
 11   12
 11   14
 11   17
 11   18
 12   4
 12   6
 12   8
 12   10
 12   11
 12   17
 12   18
 12   20
 13   1
 13   2
 13   3
 13   5
 13   6
 13   7
 13   9
 13   15
 13   16
 13   19
 14   6
 14   8
 14   10
 14   11
 14   16
 14   17
 15   1
 15   2
 15   3
 15   5
 15   7
 15   9
 15   13
 15   16
 15   19
 16   1
 16   2
 16   3
 16   5
 16   7
 16   9
 16   13
 16   14
 16   15
 16   19
 17   4
 17   5
 17   8
 17   10
 17   11
 17   12
 17   14
 17   18
 17   20
 18   4
 18   6
 18   8
 18   10
 18   11
 18   12
 18   17
 18   20
 19   1
 19   2
 19   3
 19   4
 19   5
 19   7
 19   9
 19   13
 19   15
 19   16
 20   4
 20   6
 20   8
 20   10
 20   12
 20   17
 20   18
