 1   2
 1   4
 1   6
 1   7
 1   9
 1   11
 1   16
 1   19
 1   20
 2   1
 2   4
 2   6
 2   7
 2   11
 2   15
 2   16
 2   19
 2   20
 3   5
 3   10
 3   11
 3   12
 3   15
 3   17
 3   18
 4   1
 4   2
 4   6
 4   7
 4   11
 4   14
 4   16
 4   20
 5   3
 5   8
 5   9
 5   10
 5   12
 5   13
 5   15
 5   17
 5   18
 6   1
 6   2
 6   4
 6   7
 6   11
 6   14
 6   16
 6   19
 6   20
 7   1
 7   2
 7   4
 7   6
 7   11
 7   14
 7   16
 7   19
 8   5
 8   9
 8   10
 8   11
 8   12
 8   13
 8   15
 8   17
 8   18
 9   1
 9   5
 9   8
 9   10
 9   12
 9   13
 9   15
 9   17
 10   3
 10   5
 10   8
 10   9
 10   13
 10   15
 10   17
 10   18
 11   1
 11   2
 11   3
 11   4
 11   6
 11   7
 11   8
 11   14
 11   16
 11   19
 11   20
 12   3
 12   5
 12   8
 12   9
 12   13
 12   15
 12   16
 12   17
 12   18
 13   5
 13   8
 13   9
 13   10
 13   12
 13   14
 13   15
 13   17
 13   18
 14   4
 14   6
 14   7
 14   11
 14   13
 14   16
 14   19
 14   20
 15   2
 15   3
 15   5
 15   8
 15   9
 15   10
 15   12
 15   13
 15   17
 15   19
 16   1
 16   2
 16   4
 16   6
 16   7
 16   11
 16   12
 16   14
 16   19
 16   20
 17   3
 17   5
 17   8
 17   9
 17   10
 17   12
 17   13
 17   15
 17   18
 18   3
 18   5
 18   8
 18   10
 18   12
 18   13
 18   17
 18   20
 19   1
 19   2
 19   6
 19   7
 19   11
 19   14
 19   15
 19   16
 19   20
 20   1
 20   2
 20   4
 20   6
 20   11
 20   14
 20   16
 20   18
 20   19
