 1   2
 1   4
 1   5
 1   6
 1   8
 1   11
 1   13
 1   16
 1   18
 1   20
 2   1
 2   4
 2   5
 2   6
 2   8
 2   11
 2   13
 2   16
 2   18
 2   20
 3   7
 3   9
 3   10
 3   12
 3   13
 3   14
 3   15
 3   17
 3   19
 4   1
 4   2
 4   5
 4   11
 4   12
 4   16
 4   17
 4   18
 4   20
 5   1
 5   2
 5   4
 5   6
 5   8
 5   11
 5   16
 5   18
 6   1
 6   2
 6   5
 6   8
 6   16
 6   20
 7   3
 7   9
 7   10
 7   12
 7   14
 7   15
 7   19
 8   1
 8   2
 8   5
 8   6
 8   11
 8   16
 8   18
 8   20
 9   3
 9   7
 9   10
 9   13
 9   14
 9   15
 9   17
 9   19
 10   3
 10   7
 10   9
 10   12
 10   13
 10   14
 10   15
 10   17
 10   19
 11   1
 11   2
 11   4
 11   5
 11   8
 11   16
 11   18
 12   3
 12   4
 12   7
 12   10
 12   13
 12   14
 12   15
 12   17
 12   19
 13   1
 13   2
 13   3
 13   9
 13   10
 13   12
 13   14
 13   15
 13   19
 14   3
 14   7
 14   9
 14   10
 14   12
 14   13
 14   15
 14   17
 14   19
 15   3
 15   7
 15   9
 15   10
 15   12
 15   13
 15   14
 15   17
 16   1
 16   2
 16   4
 16   5
 16   6
 16   8
 16   11
 16   18
 16   20
 17   3
 17   4
 17   9
 17   10
 17   12
 17   14
 17   15
 17   19
 18   1
 18   2
 18   4
 18   5
 18   8
 18   11
 18   16
 18   20
 19   3
 19   7
 19   9
 19   10
 19   12
 19   13
 19   14
 19   17
 20   1
 20   2
 20   4
 20   6
 20   8
 20   16
 20   18
