 1   2
 1   7
 1   8
 1   10
 1   13
 1   15
 1   16
 1   19
 1   20
 2   1
 2   8
 2   9
 2   10
 2   13
 2   15
 2   16
 2   19
 2   20
 3   4
 3   5
 3   6
 3   7
 3   9
 3   11
 3   12
 3   14
 3   17
 3   18
 4   3
 4   5
 4   6
 4   9
 4   11
 4   12
 4   14
 4   18
 5   3
 5   4
 5   6
 5   9
 5   11
 5   12
 5   14
 5   15
 5   16
 5   17
 5   18
 6   3
 6   4
 6   5
 6   7
 6   9
 6   11
 6   12
 6   13
 6   14
 6   17
 6   18
 7   1
 7   3
 7   6
 7   8
 7   10
 7   13
 7   15
 7   16
 7   19
 7   20
 8   1
 8   2
 8   7
 8   13
 8   15
 8   16
 8   19
 8   20
 9   2
 9   3
 9   4
 9   5
 9   6
 9   11
 9   12
 9   14
 9   16
 9   17
 9   18
 10   1
 10   2
 10   7
 10   13
 10   15
 10   16
 10   19
 10   20
 11   3
 11   4
 11   5
 11   6
 11   9
 11   12
 11   14
 11   18
 12   3
 12   4
 12   5
 12   6
 12   9
 12   11
 12   17
 12   18
 13   1
 13   2
 13   6
 13   7
 13   8
 13   10
 13   15
 13   16
 13   18
 13   20
 14   3
 14   4
 14   5
 14   6
 14   9
 14   11
 14   17
 14   18
 15   1
 15   2
 15   5
 15   7
 15   8
 15   10
 15   13
 15   16
 15   19
 15   20
 16   1
 16   2
 16   5
 16   7
 16   8
 16   9
 16   10
 16   13
 16   15
 16   19
 17   3
 17   5
 17   6
 17   9
 17   12
 17   14
 17   18
 18   3
 18   4
 18   5
 18   6
 18   9
 18   11
 18   12
 18   13
 18   14
 18   17
 19   1
 19   2
 19   7
 19   8
 19   10
 19   15
 19   16
 20   1
 20   2
 20   7
 20   8
 20   10
 20   13
 20   15
