 1   2
 1   7
 1   8
 1   10
 1   11
 1   19
 1   20
 2   1
 2   7
 2   10
 2   11
 2   17
 2   19
 2   20
 3   4
 3   5
 3   6
 3   10
 3   11
 3   12
 3   13
 3   14
 3   15
 3   18
 4   3
 4   5
 4   6
 4   9
 4   12
 4   13
 4   14
 4   15
 5   3
 5   4
 5   6
 5   9
 5   12
 5   13
 5   14
 5   15
 5   18
 5   20
 6   3
 6   4
 6   5
 6   9
 6   12
 6   13
 6   14
 6   15
 6   18
 6   20
 7   1
 7   2
 7   8
 7   10
 7   11
 7   16
 7   17
 7   19
 7   20
 8   1
 8   7
 8   10
 8   11
 8   16
 8   17
 8   19
 8   20
 9   4
 9   5
 9   6
 9   12
 9   13
 9   14
 9   15
 9   18
 10   1
 10   2
 10   3
 10   7
 10   8
 10   16
 10   17
 10   19
 10   20
 11   1
 11   2
 11   3
 11   7
 11   8
 11   16
 11   17
 11   19
 11   20
 12   3
 12   4
 12   5
 12   6
 12   9
 12   13
 12   15
 12   18
 13   3
 13   4
 13   5
 13   6
 13   9
 13   12
 13   14
 13   15
 13   18
 14   3
 14   4
 14   5
 14   6
 14   9
 14   13
 14   15
 14   18
 15   3
 15   4
 15   5
 15   6
 15   9
 15   12
 15   13
 15   14
 16   7
 16   8
 16   10
 16   11
 16   19
 16   20
 17   2
 17   7
 17   8
 17   10
 17   11
 17   19
 17   20
 18   3
 18   5
 18   6
 18   9
 18   12
 18   13
 18   14
 19   1
 19   2
 19   7
 19   8
 19   10
 19   11
 19   16
 19   17
 19   20
 20   1
 20   2
 20   5
 20   6
 20   7
 20   8
 20   10
 20   11
 20   16
 20   17
 20   19
