 1   2
 1   5
 1   8
 1   9
 1   13
 1   14
 1   16
 1   17
 1   19
 2   1
 2   8
 2   9
 2   13
 2   14
 2   17
 2   19
 3   4
 3   6
 3   7
 3   10
 3   11
 3   18
 3   20
 4   3
 4   6
 4   7
 4   8
 4   10
 4   11
 4   12
 4   13
 4   15
 4   18
 4   20
 5   1
 5   8
 5   9
 5   16
 5   17
 5   19
 6   3
 6   4
 6   7
 6   11
 6   12
 6   15
 6   18
 6   20
 7   3
 7   4
 7   6
 7   8
 7   10
 7   11
 7   12
 7   15
 7   17
 7   18
 7   20
 8   1
 8   2
 8   4
 8   5
 8   7
 8   9
 8   13
 8   14
 8   16
 8   19
 9   1
 9   2
 9   5
 9   8
 9   13
 9   14
 9   16
 9   19
 10   3
 10   4
 10   7
 10   11
 10   12
 10   15
 10   18
 10   19
 10   20
 11   3
 11   4
 11   6
 11   7
 11   10
 11   12
 11   15
 11   18
 11   20
 12   4
 12   6
 12   7
 12   10
 12   11
 12   15
 12   20
 13   1
 13   2
 13   4
 13   8
 13   9
 13   14
 13   16
 13   17
 13   19
 14   1
 14   2
 14   8
 14   9
 14   13
 14   16
 14   17
 14   18
 14   19
 14   20
 15   4
 15   6
 15   7
 15   10
 15   11
 15   12
 15   18
 15   20
 16   1
 16   5
 16   8
 16   9
 16   13
 16   14
 16   17
 16   19
 17   1
 17   2
 17   5
 17   7
 17   13
 17   14
 17   16
 17   19
 18   3
 18   4
 18   6
 18   7
 18   10
 18   11
 18   14
 18   15
 18   20
 19   1
 19   2
 19   5
 19   8
 19   9
 19   10
 19   13
 19   14
 19   16
 19   17
 19   20
 20   3
 20   4
 20   6
 20   7
 20   10
 20   11
 20   12
 20   14
 20   15
 20   18
 20   19
