 1   2
 1   6
 1   8
 1   9
 1   11
 1   14
 1   19
 1   20
 2   1
 2   6
 2   7
 2   9
 2   11
 2   14
 2   19
 2   20
 3   4
 3   8
 3   10
 3   12
 3   13
 3   17
 4   3
 4   8
 4   9
 4   10
 4   12
 4   13
 4   15
 4   16
 4   18
 5   6
 5   7
 5   9
 5   11
 5   14
 5   19
 5   20
 6   1
 6   2
 6   5
 6   7
 6   9
 6   11
 6   14
 6   19
 6   20
 7   2
 7   5
 7   6
 7   9
 7   13
 7   14
 7   17
 7   19
 7   20
 8   1
 8   3
 8   4
 8   9
 8   10
 8   12
 8   13
 8   15
 8   16
 8   17
 8   18
 9   1
 9   2
 9   4
 9   5
 9   6
 9   7
 9   8
 9   11
 9   14
 9   19
 9   20
 10   3
 10   4
 10   8
 10   12
 10   13
 10   15
 10   16
 10   17
 10   18
 11   1
 11   2
 11   5
 11   6
 11   9
 11   14
 11   19
 11   20
 12   3
 12   4
 12   8
 12   10
 12   13
 12   15
 12   16
 12   17
 12   18
 13   3
 13   4
 13   7
 13   8
 13   10
 13   12
 13   16
 13   18
 13   20
 14   1
 14   2
 14   5
 14   6
 14   7
 14   9
 14   11
 14   19
 14   20
 15   4
 15   8
 15   10
 15   12
 15   16
 15   17
 15   18
 16   4
 16   8
 16   10
 16   12
 16   13
 16   15
 16   17
 16   18
 17   3
 17   7
 17   8
 17   10
 17   12
 17   15
 17   16
 18   4
 18   8
 18   10
 18   12
 18   13
 18   15
 18   16
 19   1
 19   2
 19   5
 19   6
 19   7
 19   9
 19   11
 19   14
 19   20
 20   1
 20   2
 20   5
 20   6
 20   7
 20   9
 20   11
 20   13
 20   14
 20   19
