 1   2
 1   3
 1   4
 1   6
 1   8
 1   10
 1   12
 1   14
 1   18
 2   1
 2   3
 2   4
 2   6
 2   9
 2   11
 2   12
 2   14
 2   18
 3   1
 3   2
 3   4
 3   6
 3   9
 3   11
 3   12
 3   14
 3   18
 4   1
 4   2
 4   3
 4   6
 4   9
 4   12
 4   13
 4   18
 5   7
 5   8
 5   10
 5   13
 5   15
 5   16
 5   19
 5   20
 6   1
 6   2
 6   3
 6   4
 6   9
 6   11
 6   12
 6   14
 6   15
 6   18
 7   5
 7   8
 7   10
 7   13
 7   14
 7   15
 7   16
 7   17
 7   19
 7   20
 8   1
 8   5
 8   7
 8   10
 8   13
 8   15
 8   16
 8   17
 8   19
 8   20
 9   2
 9   3
 9   4
 9   6
 9   11
 9   12
 9   14
 9   15
 9   18
 10   1
 10   5
 10   7
 10   8
 10   13
 10   15
 10   16
 10   17
 10   19
 10   20
 11   2
 11   3
 11   6
 11   9
 11   12
 11   13
 11   14
 11   18
 12   1
 12   2
 12   3
 12   4
 12   6
 12   9
 12   11
 12   14
 12   18
 13   4
 13   5
 13   7
 13   8
 13   10
 13   11
 13   15
 13   16
 13   17
 13   19
 14   1
 14   2
 14   3
 14   6
 14   7
 14   9
 14   11
 14   12
 14   18
 14   19
 15   5
 15   6
 15   7
 15   8
 15   9
 15   10
 15   13
 15   16
 15   17
 15   19
 15   20
 16   5
 16   7
 16   8
 16   10
 16   13
 16   15
 16   17
 16   20
 17   7
 17   8
 17   10
 17   13
 17   15
 17   16
 17   19
 17   20
 18   1
 18   2
 18   3
 18   4
 18   6
 18   9
 18   11
 18   12
 18   14
 19   5
 19   7
 19   8
 19   10
 19   13
 19   14
 19   15
 19   17
 19   20
 20   5
 20   7
 20   8
 20   10
 20   15
 20   16
 20   17
 20   19
