 1   4
 1   6
 1   8
 1   9
 1   11
 1   12
 1   13
 1   17
 1   19
 1   20
 2   3
 2   5
 2   7
 2   10
 2   12
 2   14
 2   16
 2   18
 3   2
 3   5
 3   7
 3   10
 3   13
 3   14
 3   15
 3   16
 3   18
 3   20
 4   1
 4   6
 4   8
 4   9
 4   11
 4   12
 4   17
 4   19
 4   20
 5   2
 5   3
 5   7
 5   13
 5   14
 5   15
 5   16
 5   18
 6   1
 6   4
 6   8
 6   9
 6   10
 6   11
 6   12
 6   17
 6   19
 6   20
 7   2
 7   3
 7   5
 7   10
 7   12
 7   13
 7   15
 7   16
 7   18
 8   1
 8   4
 8   6
 8   9
 8   11
 8   12
 8   17
 8   19
 8   20
 9   1
 9   4
 9   6
 9   8
 9   11
 9   17
 9   19
 9   20
 10   2
 10   3
 10   6
 10   7
 10   11
 10   13
 10   14
 10   15
 10   16
 10   18
 11   1
 11   4
 11   6
 11   8
 11   9
 11   10
 11   12
 11   17
 11   19
 11   20
 12   1
 12   2
 12   4
 12   6
 12   7
 12   8
 12   11
 12   17
 12   19
 12   20
 13   1
 13   3
 13   5
 13   7
 13   10
 13   14
 13   15
 13   16
 13   18
 13   19
 14   2
 14   3
 14   5
 14   10
 14   13
 14   15
 14   16
 14   18
 15   3
 15   5
 15   7
 15   10
 15   13
 15   14
 15   16
 15   18
 15   20
 16   2
 16   3
 16   5
 16   7
 16   10
 16   13
 16   14
 16   15
 16   18
 17   1
 17   4
 17   6
 17   8
 17   9
 17   11
 17   12
 17   19
 17   20
 18   2
 18   3
 18   5
 18   7
 18   10
 18   13
 18   14
 18   15
 18   16
 19   1
 19   4
 19   6
 19   8
 19   9
 19   11
 19   12
 19   13
 19   17
 19   20
 20   1
 20   3
 20   4
 20   6
 20   8
 20   9
 20   11
 20   12
 20   15
 20   17
 20   19
