 1   2
 1   3
 1   4
 1   6
 1   8
 1   13
 1   17
 1   20
 2   1
 2   3
 2   4
 2   6
 2   7
 2   8
 2   9
 2   10
 2   13
 2   17
 2   20
 3   1
 3   2
 3   4
 3   6
 3   8
 3   9
 3   13
 3   15
 3   17
 3   20
 4   1
 4   2
 4   3
 4   6
 4   8
 4   9
 4   13
 4   17
 4   20
 5   6
 5   7
 5   10
 5   12
 5   14
 5   15
 5   16
 5   18
 5   19
 6   1
 6   2
 6   3
 6   4
 6   5
 6   8
 6   9
 6   13
 6   17
 6   20
 7   2
 7   5
 7   10
 7   11
 7   12
 7   14
 7   15
 7   18
 7   19
 8   1
 8   2
 8   3
 8   4
 8   6
 8   9
 8   11
 8   13
 8   17
 8   20
 9   2
 9   3
 9   4
 9   6
 9   8
 9   13
 9   17
 9   20
 10   2
 10   5
 10   7
 10   11
 10   12
 10   14
 10   15
 10   16
 10   18
 10   19
 10   20
 11   7
 11   8
 11   10
 11   12
 11   14
 11   15
 11   16
 11   18
 11   19
 12   5
 12   7
 12   10
 12   11
 12   15
 12   16
 12   18
 12   19
 13   1
 13   2
 13   3
 13   4
 13   6
 13   8
 13   9
 13   15
 13   16
 13   17
 13   20
 14   5
 14   7
 14   10
 14   11
 14   15
 14   16
 14   18
 14   19
 15   3
 15   5
 15   7
 15   10
 15   11
 15   12
 15   13
 15   14
 15   16
 15   18
 15   19
 16   5
 16   10
 16   11
 16   12
 16   13
 16   14
 16   15
 16   18
 16   19
 17   1
 17   2
 17   3
 17   4
 17   6
 17   8
 17   9
 17   13
 17   20
 18   5
 18   7
 18   10
 18   11
 18   12
 18   14
 18   15
 18   16
 18   19
 19   5
 19   7
 19   10
 19   11
 19   12
 19   14
 19   15
 19   16
 19   18
 20   1
 20   2
 20   3
 20   4
 20   6
 20   8
 20   9
 20   10
 20   13
 20   17
