 1   2
 1   5
 1   6
 1   8
 1   10
 1   17
 1   19
 1   20
 2   1
 2   5
 2   6
 2   8
 2   14
 2   16
 2   17
 2   19
 2   20
 3   4
 3   7
 3   8
 3   9
 3   11
 3   12
 3   13
 3   14
 3   15
 3   16
 3   18
 4   3
 4   7
 4   9
 4   11
 4   12
 4   13
 4   14
 4   15
 4   17
 4   18
 5   1
 5   2
 5   6
 5   8
 5   10
 5   13
 5   14
 5   16
 5   17
 5   19
 5   20
 6   1
 6   2
 6   5
 6   8
 6   10
 6   16
 6   17
 6   19
 6   20
 7   3
 7   4
 7   9
 7   11
 7   12
 7   13
 7   14
 7   15
 7   18
 8   1
 8   2
 8   3
 8   5
 8   6
 8   10
 8   16
 8   17
 8   19
 8   20
 9   3
 9   4
 9   7
 9   11
 9   12
 9   13
 9   14
 9   15
 9   18
 9   19
 10   1
 10   5
 10   6
 10   8
 10   16
 10   17
 10   19
 10   20
 11   3
 11   4
 11   7
 11   9
 11   13
 11   14
 11   15
 11   16
 11   18
 12   3
 12   4
 12   7
 12   9
 12   13
 12   14
 12   15
 12   18
 13   3
 13   4
 13   5
 13   7
 13   9
 13   11
 13   12
 13   14
 13   15
 13   18
 14   2
 14   3
 14   4
 14   5
 14   7
 14   9
 14   11
 14   12
 14   13
 14   15
 14   18
 15   3
 15   4
 15   7
 15   9
 15   11
 15   12
 15   13
 15   14
 15   18
 16   2
 16   3
 16   5
 16   6
 16   8
 16   10
 16   11
 16   17
 16   19
 16   20
 17   1
 17   2
 17   4
 17   5
 17   6
 17   8
 17   10
 17   16
 17   19
 17   20
 18   3
 18   4
 18   7
 18   9
 18   11
 18   12
 18   13
 18   14
 18   15
 19   1
 19   2
 19   5
 19   6
 19   8
 19   9
 19   10
 19   16
 19   17
 19   20
 20   1
 20   2
 20   5
 20   6
 20   8
 20   10
 20   16
 20   17
 20   19
