 1   3
 1   4
 1   6
 1   7
 1   10
 1   11
 1   12
 1   13
 1   16
 1   20
 2   4
 2   5
 2   8
 2   9
 2   14
 2   15
 2   17
 2   18
 2   20
 3   1
 3   7
 3   10
 3   11
 3   12
 3   13
 3   16
 3   20
 4   1
 4   2
 4   5
 4   8
 4   9
 4   14
 4   15
 4   17
 4   18
 4   19
 5   2
 5   4
 5   8
 5   9
 5   14
 5   15
 5   17
 5   18
 5   19
 6   1
 6   7
 6   10
 6   11
 6   12
 6   13
 6   20
 7   1
 7   3
 7   6
 7   9
 7   10
 7   11
 7   12
 7   13
 7   16
 7   20
 8   2
 8   4
 8   5
 8   9
 8   14
 8   15
 8   17
 9   2
 9   4
 9   5
 9   7
 9   8
 9   14
 9   15
 9   17
 9   18
 9   19
 10   1
 10   3
 10   6
 10   7
 10   11
 10   12
 10   13
 10   14
 10   20
 11   1
 11   3
 11   6
 11   7
 11   10
 11   12
 11   13
 11   16
 11   19
 11   20
 12   1
 12   3
 12   6
 12   7
 12   10
 12   11
 12   13
 12   16
 12   20
 13   1
 13   3
 13   6
 13   7
 13   10
 13   11
 13   12
 13   16
 13   18
 13   20
 14   2
 14   4
 14   5
 14   8
 14   9
 14   10
 14   15
 14   17
 14   19
 15   2
 15   4
 15   5
 15   8
 15   9
 15   14
 15   18
 15   19
 16   1
 16   3
 16   7
 16   11
 16   12
 16   13
 16   20
 17   2
 17   4
 17   5
 17   8
 17   9
 17   14
 17   18
 17   19
 18   2
 18   4
 18   5
 18   9
 18   13
 18   15
 18   17
 18   19
 19   4
 19   5
 19   9
 19   11
 19   14
 19   15
 19   17
 19   18
 20   1
 20   2
 20   3
 20   6
 20   7
 20   10
 20   11
 20   12
 20   13
 20   16
