 1   2
 1   3
 1   7
 1   11
 1   12
 1   13
 1   15
 1   20
 2   1
 2   3
 2   4
 2   7
 2   11
 2   12
 2   13
 2   14
 2   15
 2   18
 3   1
 3   2
 3   4
 3   7
 3   8
 3   11
 3   12
 3   13
 4   2
 4   3
 4   7
 4   8
 4   11
 4   12
 4   13
 4   15
 5   6
 5   7
 5   9
 5   10
 5   14
 5   16
 5   17
 5   18
 5   19
 5   20
 6   5
 6   8
 6   9
 6   10
 6   14
 6   16
 6   17
 6   18
 6   19
 6   20
 7   1
 7   2
 7   3
 7   4
 7   5
 7   8
 7   11
 7   12
 7   13
 7   20
 8   3
 8   4
 8   6
 8   7
 8   11
 8   12
 8   13
 8   15
 9   5
 9   6
 9   10
 9   14
 9   16
 9   17
 9   18
 9   19
 9   20
 10   5
 10   6
 10   9
 10   13
 10   14
 10   16
 10   17
 10   18
 10   19
 10   20
 11   1
 11   2
 11   3
 11   4
 11   7
 11   8
 11   12
 11   13
 11   15
 12   1
 12   2
 12   3
 12   4
 12   7
 12   8
 12   11
 12   13
 12   15
 12   18
 13   1
 13   2
 13   3
 13   4
 13   7
 13   8
 13   10
 13   11
 13   12
 14   2
 14   5
 14   6
 14   9
 14   10
 14   16
 14   17
 14   18
 14   19
 14   20
 15   1
 15   2
 15   4
 15   8
 15   11
 15   12
 16   5
 16   6
 16   9
 16   10
 16   14
 16   17
 16   18
 16   19
 16   20
 17   5
 17   6
 17   9
 17   10
 17   14
 17   16
 17   18
 17   19
 17   20
 18   2
 18   5
 18   6
 18   9
 18   10
 18   12
 18   14
 18   16
 18   17
 18   19
 18   20
 19   5
 19   6
 19   9
 19   10
 19   14
 19   16
 19   17
 19   18
 19   20
 20   1
 20   5
 20   6
 20   7
 20   9
 20   10
 20   14
 20   16
 20   17
 20   18
 20   19
