 1   3
 1   4
 1   8
 1   12
 1   13
 1   16
 1   17
 1   19
 1   20
 2   5
 2   6
 2   7
 2   9
 2   10
 2   11
 2   15
 2   17
 3   1
 3   4
 3   8
 3   11
 3   12
 3   13
 3   16
 3   18
 3   20
 4   1
 4   3
 4   8
 4   12
 4   16
 4   18
 4   19
 4   20
 5   2
 5   6
 5   7
 5   9
 5   10
 5   11
 5   13
 5   14
 5   15
 5   17
 6   2
 6   5
 6   7
 6   9
 6   10
 6   13
 6   14
 6   15
 6   17
 7   2
 7   5
 7   6
 7   9
 7   10
 7   11
 7   15
 7   17
 8   1
 8   3
 8   4
 8   12
 8   13
 8   18
 8   19
 8   20
 9   2
 9   5
 9   6
 9   7
 9   10
 9   11
 9   14
 9   15
 9   17
 9   19
 10   2
 10   5
 10   6
 10   7
 10   9
 10   11
 10   14
 10   15
 10   17
 11   2
 11   3
 11   5
 11   7
 11   9
 11   10
 11   14
 11   15
 11   17
 12   1
 12   3
 12   4
 12   8
 12   13
 12   16
 12   18
 12   19
 12   20
 13   1
 13   3
 13   5
 13   6
 13   8
 13   12
 13   16
 13   19
 13   20
 14   5
 14   6
 14   9
 14   10
 14   11
 14   15
 14   17
 15   2
 15   5
 15   6
 15   7
 15   9
 15   10
 15   11
 15   14
 15   17
 16   1
 16   3
 16   4
 16   12
 16   13
 16   19
 16   20
 17   1
 17   2
 17   5
 17   6
 17   7
 17   9
 17   10
 17   11
 17   14
 17   15
 17   18
 18   3
 18   4
 18   8
 18   12
 18   17
 18   19
 18   20
 19   1
 19   4
 19   8
 19   9
 19   12
 19   13
 19   16
 19   18
 19   20
 20   1
 20   3
 20   4
 20   8
 20   12
 20   13
 20   16
 20   18
 20   19
