 1   4
 1   5
 1   8
 1   9
 1   11
 1   12
 1   13
 1   19
 1   20
 2   4
 2   8
 2   9
 2   13
 2   19
 2   20
 3   5
 3   10
 3   13
 3   14
 3   15
 3   17
 3   18
 4   1
 4   2
 4   6
 4   8
 4   9
 4   11
 4   12
 4   13
 4   19
 4   20
 5   1
 5   3
 5   6
 5   7
 5   10
 5   14
 5   15
 5   16
 5   17
 5   18
 6   4
 6   5
 6   10
 6   14
 6   15
 6   16
 6   17
 6   18
 7   5
 7   10
 7   13
 7   14
 7   15
 7   16
 7   17
 7   18
 8   1
 8   2
 8   4
 8   9
 8   11
 8   13
 8   19
 8   20
 9   1
 9   2
 9   4
 9   8
 9   12
 9   14
 9   19
 9   20
 10   3
 10   5
 10   6
 10   7
 10   14
 10   15
 10   16
 10   17
 10   18
 11   1
 11   4
 11   8
 11   12
 11   13
 11   15
 11   19
 11   20
 12   1
 12   4
 12   9
 12   11
 12   13
 12   19
 12   20
 13   1
 13   2
 13   3
 13   4
 13   7
 13   8
 13   11
 13   12
 13   19
 13   20
 14   3
 14   5
 14   6
 14   7
 14   9
 14   10
 14   15
 14   17
 14   18
 15   3
 15   5
 15   6
 15   7
 15   10
 15   11
 15   14
 15   16
 15   17
 15   18
 15   20
 16   5
 16   6
 16   7
 16   10
 16   15
 16   17
 16   18
 16   19
 17   3
 17   5
 17   6
 17   7
 17   10
 17   14
 17   15
 17   16
 17   18
 18   3
 18   5
 18   6
 18   7
 18   10
 18   14
 18   15
 18   16
 18   17
 19   1
 19   2
 19   4
 19   8
 19   9
 19   11
 19   12
 19   13
 19   16
 19   20
 20   1
 20   2
 20   4
 20   8
 20   9
 20   11
 20   12
 20   13
 20   15
 20   19
