 1   2
 1   3
 1   4
 1   7
 1   8
 1   10
 1   11
 1   13
 1   18
 1   20
 2   1
 2   3
 2   4
 2   7
 2   10
 2   11
 2   18
 2   20
 3   1
 3   2
 3   8
 3   10
 3   11
 3   12
 3   13
 3   14
 3   18
 3   20
 4   1
 4   2
 4   8
 4   10
 4   11
 4   13
 4   18
 4   20
 5   6
 5   7
 5   9
 5   14
 5   17
 5   19
 6   5
 6   7
 6   9
 6   12
 6   14
 6   15
 6   16
 6   17
 6   19
 7   1
 7   2
 7   5
 7   6
 7   9
 7   12
 7   15
 7   16
 7   17
 7   19
 8   1
 8   3
 8   4
 8   10
 8   11
 8   13
 8   18
 8   20
 9   5
 9   6
 9   7
 9   11
 9   12
 9   14
 9   15
 9   16
 9   17
 9   19
 10   1
 10   2
 10   3
 10   4
 10   8
 10   11
 10   13
 10   16
 10   18
 11   1
 11   2
 11   3
 11   4
 11   8
 11   9
 11   10
 11   13
 11   18
 11   20
 12   3
 12   6
 12   7
 12   9
 12   14
 12   15
 12   16
 12   17
 12   19
 13   1
 13   3
 13   4
 13   8
 13   10
 13   11
 13   18
 13   20
 14   3
 14   5
 14   6
 14   9
 14   12
 14   15
 14   16
 14   17
 15   6
 15   7
 15   9
 15   12
 15   14
 15   16
 15   17
 15   19
 16   6
 16   7
 16   9
 16   10
 16   12
 16   14
 16   15
 16   17
 16   19
 17   5
 17   6
 17   7
 17   9
 17   12
 17   14
 17   15
 17   16
 17   19
 18   1
 18   2
 18   3
 18   4
 18   8
 18   10
 18   11
 18   13
 18   20
 19   5
 19   6
 19   7
 19   9
 19   12
 19   15
 19   16
 19   17
 20   1
 20   2
 20   3
 20   4
 20   8
 20   11
 20   13
 20   18
