 1   2
 1   4
 1   6
 1   10
 1   12
 1   14
 1   16
 1   18
 1   19
 1   20
 2   1
 2   4
 2   10
 2   12
 2   14
 2   16
 2   17
 2   18
 2   19
 2   20
 3   6
 3   7
 3   8
 3   11
 3   13
 3   15
 3   17
 4   1
 4   2
 4   6
 4   9
 4   10
 4   12
 4   14
 4   16
 4   19
 4   20
 5   6
 5   7
 5   8
 5   11
 5   13
 5   15
 5   17
 6   1
 6   3
 6   4
 6   5
 6   7
 6   8
 6   9
 6   11
 6   13
 6   15
 6   17
 7   3
 7   5
 7   6
 7   8
 7   9
 7   11
 7   13
 7   14
 7   15
 7   17
 8   3
 8   5
 8   6
 8   7
 8   9
 8   11
 8   13
 8   15
 8   17
 9   4
 9   6
 9   7
 9   8
 9   11
 9   15
 10   1
 10   2
 10   4
 10   14
 10   16
 10   18
 10   19
 10   20
 11   3
 11   5
 11   6
 11   7
 11   8
 11   9
 11   13
 11   15
 11   17
 12   1
 12   2
 12   4
 12   14
 12   16
 12   18
 12   19
 12   20
 13   3
 13   5
 13   6
 13   7
 13   8
 13   11
 13   14
 13   15
 13   17
 13   19
 14   1
 14   2
 14   4
 14   7
 14   10
 14   12
 14   13
 14   16
 14   18
 14   19
 14   20
 15   3
 15   5
 15   6
 15   7
 15   8
 15   9
 15   11
 15   13
 15   16
 15   17
 16   1
 16   2
 16   4
 16   10
 16   12
 16   14
 16   15
 16   18
 16   19
 17   2
 17   3
 17   5
 17   6
 17   7
 17   8
 17   11
 17   13
 17   15
 18   1
 18   2
 18   10
 18   12
 18   14
 18   16
 18   19
 18   20
 19   1
 19   2
 19   4
 19   10
 19   12
 19   13
 19   14
 19   16
 19   18
 19   20
 20   1
 20   2
 20   4
 20   10
 20   12
 20   14
 20   18
 20   19
