 1   2
 1   4
 1   7
 1   9
 1   10
 1   11
 1   12
 1   17
 1   20
 2   1
 2   3
 2   4
 2   7
 2   9
 2   11
 2   12
 2   14
 2   17
 2   20
 3   2
 3   5
 3   6
 3   8
 3   10
 3   13
 3   15
 3   16
 3   18
 3   19
 3   20
 4   1
 4   2
 4   7
 4   9
 4   11
 4   12
 4   14
 4   17
 4   20
 5   3
 5   6
 5   8
 5   10
 5   15
 5   16
 5   18
 5   19
 5   20
 6   3
 6   5
 6   8
 6   10
 6   13
 6   15
 6   16
 6   18
 6   19
 7   1
 7   2
 7   4
 7   9
 7   11
 7   12
 7   14
 7   17
 7   18
 7   19
 7   20
 8   3
 8   5
 8   6
 8   10
 8   13
 8   15
 8   16
 8   18
 8   19
 9   1
 9   2
 9   4
 9   7
 9   11
 9   12
 9   17
 9   20
 10   1
 10   3
 10   5
 10   6
 10   8
 10   15
 10   16
 10   18
 10   19
 11   1
 11   2
 11   4
 11   7
 11   9
 11   14
 11   17
 11   18
 11   20
 12   1
 12   2
 12   4
 12   7
 12   9
 12   14
 12   17
 13   3
 13   6
 13   8
 13   14
 13   15
 13   16
 13   18
 13   19
 14   2
 14   4
 14   7
 14   11
 14   12
 14   13
 14   17
 14   20
 15   3
 15   5
 15   6
 15   8
 15   10
 15   13
 15   16
 15   18
 15   19
 16   3
 16   5
 16   6
 16   8
 16   10
 16   13
 16   15
 16   18
 16   19
 17   1
 17   2
 17   4
 17   7
 17   9
 17   11
 17   12
 17   14
 18   3
 18   5
 18   6
 18   7
 18   8
 18   10
 18   11
 18   13
 18   15
 18   16
 18   19
 19   3
 19   5
 19   6
 19   7
 19   8
 19   10
 19   13
 19   15
 19   16
 19   18
 20   1
 20   2
 20   3
 20   4
 20   5
 20   7
 20   9
 20   11
 20   14
