 1   3
 1   5
 1   6
 1   7
 1   9
 1   11
 1   12
 1   16
 1   19
 1   20
 2   5
 2   8
 2   10
 2   12
 2   13
 2   14
 2   15
 2   18
 3   1
 3   4
 3   7
 3   9
 3   11
 3   15
 3   19
 3   20
 4   3
 4   7
 4   11
 4   14
 4   16
 4   19
 5   1
 5   2
 5   8
 5   10
 5   12
 5   13
 5   14
 5   15
 5   17
 5   18
 6   1
 6   7
 6   9
 6   11
 6   16
 6   19
 6   20
 7   1
 7   3
 7   4
 7   6
 7   9
 7   11
 7   16
 7   19
 8   2
 8   5
 8   10
 8   11
 8   14
 8   15
 8   16
 8   17
 8   18
 9   1
 9   3
 9   6
 9   7
 9   11
 9   16
 9   19
 9   20
 10   2
 10   5
 10   8
 10   12
 10   13
 10   14
 10   15
 10   17
 10   19
 11   1
 11   3
 11   4
 11   6
 11   7
 11   8
 11   9
 11   16
 11   19
 11   20
 12   1
 12   2
 12   5
 12   10
 12   13
 12   14
 12   15
 12   17
 12   18
 13   2
 13   5
 13   10
 13   12
 13   14
 13   15
 13   17
 13   18
 13   20
 14   2
 14   4
 14   5
 14   8
 14   10
 14   12
 14   13
 14   15
 14   17
 14   18
 15   2
 15   3
 15   5
 15   8
 15   10
 15   12
 15   13
 15   14
 15   17
 15   18
 16   1
 16   4
 16   6
 16   7
 16   8
 16   9
 16   11
 16   19
 16   20
 17   5
 17   8
 17   10
 17   12
 17   13
 17   14
 17   15
 17   18
 18   2
 18   5
 18   8
 18   12
 18   13
 18   14
 18   15
 18   17
 19   1
 19   3
 19   4
 19   6
 19   7
 19   9
 19   10
 19   11
 19   16
 19   20
 20   1
 20   3
 20   6
 20   9
 20   11
 20   13
 20   16
 20   19
