 1   3
 1   5
 1   7
 1   9
 1   11
 1   13
 1   14
 1   16
 1   20
 2   4
 2   6
 2   8
 2   10
 2   11
 2   15
 2   16
 2   17
 2   18
 2   19
 3   1
 3   5
 3   7
 3   9
 3   11
 3   13
 3   14
 3   16
 3   20
 4   2
 4   6
 4   8
 4   10
 4   12
 4   15
 4   17
 4   18
 4   19
 5   1
 5   3
 5   7
 5   8
 5   9
 5   11
 5   12
 5   13
 5   14
 5   16
 5   20
 6   2
 6   4
 6   8
 6   10
 6   11
 6   12
 6   16
 6   17
 6   18
 6   19
 7   1
 7   3
 7   5
 7   9
 7   11
 7   14
 7   16
 7   20
 8   2
 8   4
 8   5
 8   6
 8   13
 8   15
 8   17
 8   19
 9   1
 9   3
 9   5
 9   7
 9   11
 9   13
 9   14
 9   16
 9   20
 10   2
 10   4
 10   6
 10   12
 10   15
 10   17
 10   18
 10   19
 11   1
 11   2
 11   3
 11   5
 11   6
 11   7
 11   9
 11   13
 11   14
 11   16
 11   20
 12   4
 12   5
 12   6
 12   10
 12   13
 12   15
 12   17
 12   18
 13   1
 13   3
 13   5
 13   8
 13   9
 13   11
 13   12
 13   14
 13   16
 13   20
 14   1
 14   3
 14   5
 14   7
 14   9
 14   11
 14   13
 14   16
 14   20
 15   2
 15   4
 15   8
 15   10
 15   12
 15   17
 15   19
 16   1
 16   2
 16   3
 16   5
 16   6
 16   7
 16   9
 16   11
 16   13
 16   14
 16   20
 17   2
 17   4
 17   6
 17   8
 17   10
 17   12
 17   15
 17   18
 17   19
 18   2
 18   4
 18   6
 18   10
 18   12
 18   17
 18   19
 19   2
 19   4
 19   6
 19   8
 19   10
 19   15
 19   17
 19   18
 20   1
 20   3
 20   5
 20   7
 20   9
 20   11
 20   13
 20   14
 20   16
