 1   2
 1   3
 1   5
 1   6
 1   7
 1   11
 1   13
 1   16
 1   17
 1   18
 2   1
 2   5
 2   6
 2   7
 2   11
 2   13
 2   16
 2   17
 2   18
 3   1
 3   4
 3   8
 3   9
 3   12
 3   19
 3   20
 4   3
 4   8
 4   9
 4   10
 4   12
 4   14
 4   15
 4   19
 4   20
 5   1
 5   2
 5   6
 5   7
 5   9
 5   11
 5   13
 5   16
 5   17
 5   18
 6   1
 6   2
 6   5
 6   7
 6   11
 6   12
 6   13
 6   16
 6   17
 6   18
 7   1
 7   2
 7   5
 7   6
 7   11
 7   13
 7   16
 7   17
 7   18
 8   3
 8   4
 8   9
 8   10
 8   12
 8   13
 8   14
 8   15
 8   17
 8   19
 8   20
 9   3
 9   4
 9   5
 9   8
 9   10
 9   12
 9   14
 9   15
 9   20
 10   4
 10   8
 10   9
 10   12
 10   15
 10   19
 10   20
 11   1
 11   2
 11   5
 11   6
 11   7
 11   13
 11   16
 11   17
 11   19
 12   3
 12   4
 12   6
 12   8
 12   9
 12   10
 12   14
 12   15
 12   19
 12   20
 13   1
 13   2
 13   5
 13   6
 13   7
 13   8
 13   11
 13   16
 13   17
 13   18
 14   4
 14   8
 14   9
 14   12
 14   15
 14   18
 14   19
 15   4
 15   8
 15   9
 15   10
 15   12
 15   14
 15   19
 15   20
 16   1
 16   2
 16   5
 16   6
 16   7
 16   11
 16   13
 16   17
 16   18
 17   1
 17   2
 17   5
 17   6
 17   7
 17   8
 17   11
 17   13
 17   16
 17   18
 18   1
 18   2
 18   5
 18   6
 18   7
 18   13
 18   14
 18   16
 18   17
 18   20
 19   3
 19   4
 19   8
 19   10
 19   11
 19   12
 19   14
 19   15
 19   20
 20   3
 20   4
 20   8
 20   9
 20   10
 20   12
 20   15
 20   18
 20   19
