 1   3
 1   4
 1   8
 1   12
 1   13
 1   15
 1   16
 1   20
 2   5
 2   6
 2   9
 2   10
 2   11
 2   14
 2   17
 2   18
 2   20
 3   1
 3   4
 3   8
 3   12
 3   15
 3   16
 3   19
 3   20
 4   1
 4   3
 4   8
 4   9
 4   12
 4   13
 4   15
 4   16
 4   19
 4   20
 5   2
 5   6
 5   9
 5   10
 5   11
 5   13
 5   14
 5   17
 5   18
 5   20
 6   2
 6   5
 6   7
 6   10
 6   11
 6   14
 6   17
 6   18
 7   6
 7   9
 7   10
 7   11
 7   13
 7   14
 7   17
 7   18
 8   1
 8   3
 8   4
 8   12
 8   13
 8   15
 8   16
 8   19
 8   20
 9   2
 9   4
 9   5
 9   7
 9   10
 9   11
 9   14
 9   16
 9   18
 10   2
 10   5
 10   6
 10   7
 10   9
 10   14
 10   16
 10   17
 10   18
 10   19
 11   2
 11   5
 11   6
 11   7
 11   9
 11   14
 11   17
 11   18
 12   1
 12   3
 12   4
 12   8
 12   13
 12   15
 12   16
 12   19
 12   20
 13   1
 13   4
 13   5
 13   7
 13   8
 13   12
 13   15
 13   16
 13   19
 14   2
 14   5
 14   6
 14   7
 14   9
 14   10
 14   11
 14   17
 14   18
 15   1
 15   3
 15   4
 15   8
 15   12
 15   13
 15   16
 15   19
 16   1
 16   3
 16   4
 16   8
 16   9
 16   10
 16   12
 16   13
 16   15
 16   19
 16   20
 17   2
 17   5
 17   6
 17   7
 17   10
 17   11
 17   14
 17   18
 18   2
 18   5
 18   6
 18   7
 18   9
 18   10
 18   11
 18   14
 18   17
 19   3
 19   4
 19   8
 19   10
 19   12
 19   13
 19   15
 19   16
 19   20
 20   1
 20   2
 20   3
 20   4
 20   5
 20   8
 20   12
 20   16
 20   19
