 1   2
 1   4
 1   7
 1   8
 1   10
 1   14
 1   16
 1   17
 1   18
 2   1
 2   4
 2   7
 2   8
 2   10
 2   14
 2   16
 2   17
 2   18
 3   5
 3   6
 3   9
 3   10
 3   12
 3   13
 3   15
 3   17
 3   19
 3   20
 4   1
 4   2
 4   7
 4   8
 4   10
 4   14
 4   17
 4   18
 5   3
 5   6
 5   8
 5   9
 5   11
 5   13
 5   15
 5   18
 5   19
 5   20
 6   3
 6   5
 6   9
 6   11
 6   12
 6   13
 6   15
 6   19
 6   20
 7   1
 7   2
 7   4
 7   8
 7   10
 7   14
 7   16
 7   17
 7   18
 8   1
 8   2
 8   4
 8   5
 8   7
 8   10
 8   14
 8   15
 8   16
 8   17
 8   18
 9   3
 9   5
 9   6
 9   11
 9   12
 9   13
 9   15
 9   19
 10   1
 10   2
 10   3
 10   4
 10   7
 10   8
 10   14
 10   16
 10   17
 10   18
 11   5
 11   6
 11   9
 11   13
 11   15
 11   16
 11   17
 11   19
 11   20
 12   3
 12   6
 12   9
 12   13
 12   15
 12   18
 12   19
 12   20
 13   3
 13   5
 13   6
 13   9
 13   11
 13   12
 13   15
 13   19
 13   20
 14   1
 14   2
 14   4
 14   7
 14   8
 14   10
 14   17
 14   18
 15   3
 15   5
 15   6
 15   8
 15   9
 15   11
 15   12
 15   13
 15   20
 16   1
 16   2
 16   7
 16   8
 16   10
 16   11
 16   17
 16   18
 17   1
 17   2
 17   3
 17   4
 17   7
 17   8
 17   10
 17   11
 17   14
 17   16
 17   18
 18   1
 18   2
 18   4
 18   5
 18   7
 18   8
 18   10
 18   12
 18   14
 18   16
 18   17
 19   3
 19   5
 19   6
 19   9
 19   11
 19   12
 19   13
 19   20
 20   3
 20   5
 20   6
 20   11
 20   12
 20   13
 20   15
 20   19
