 1   2
 1   6
 1   7
 1   9
 1   10
 1   12
 1   14
 1   16
 1   19
 2   1
 2   4
 2   5
 2   8
 2   11
 2   13
 2   15
 2   17
 2   18
 2   20
 3   6
 3   7
 3   9
 3   10
 3   12
 3   16
 3   19
 4   2
 4   5
 4   8
 4   9
 4   10
 4   11
 4   13
 4   17
 4   18
 4   20
 5   2
 5   4
 5   8
 5   11
 5   13
 5   14
 5   15
 5   17
 5   18
 5   20
 6   1
 6   3
 6   7
 6   9
 6   10
 6   12
 6   14
 6   16
 6   19
 6   20
 7   1
 7   3
 7   6
 7   9
 7   12
 7   14
 7   16
 7   19
 8   2
 8   4
 8   5
 8   11
 8   13
 8   15
 8   17
 8   18
 8   20
 9   1
 9   3
 9   4
 9   6
 9   7
 9   10
 9   14
 9   16
 9   19
 10   1
 10   3
 10   4
 10   6
 10   9
 10   12
 10   14
 10   16
 10   19
 11   2
 11   4
 11   5
 11   8
 11   15
 11   17
 11   18
 11   19
 11   20
 12   1
 12   3
 12   6
 12   7
 12   10
 12   14
 12   15
 12   16
 12   19
 13   2
 13   4
 13   5
 13   8
 13   14
 13   15
 13   17
 13   18
 13   20
 14   1
 14   5
 14   6
 14   7
 14   9
 14   10
 14   12
 14   13
 14   16
 15   2
 15   5
 15   8
 15   11
 15   12
 15   13
 15   17
 15   18
 15   20
 16   1
 16   3
 16   6
 16   7
 16   9
 16   10
 16   12
 16   14
 16   19
 17   2
 17   4
 17   5
 17   8
 17   11
 17   13
 17   15
 17   18
 17   20
 18   2
 18   4
 18   5
 18   8
 18   11
 18   13
 18   15
 18   17
 18   20
 19   1
 19   3
 19   6
 19   7
 19   9
 19   10
 19   11
 19   12
 19   16
 20   2
 20   4
 20   5
 20   6
 20   8
 20   11
 20   13
 20   15
 20   17
 20   18
