 1   3
 1   6
 1   7
 1   9
 1   10
 1   12
 1   14
 1   15
 1   20
 2   4
 2   5
 2   6
 2   11
 2   13
 2   16
 2   17
 2   18
 2   19
 3   1
 3   6
 3   7
 3   9
 3   10
 3   12
 3   14
 3   15
 3   20
 4   2
 4   5
 4   9
 4   11
 4   13
 4   15
 4   16
 4   17
 4   18
 4   19
 4   20
 5   2
 5   4
 5   6
 5   7
 5   8
 5   11
 5   13
 5   16
 5   17
 5   18
 5   19
 6   1
 6   2
 6   3
 6   5
 6   9
 6   10
 6   11
 6   12
 6   14
 6   15
 6   20
 7   1
 7   3
 7   5
 7   9
 7   10
 7   12
 7   14
 7   15
 7   20
 8   5
 8   11
 8   13
 8   15
 8   16
 8   17
 9   1
 9   3
 9   4
 9   6
 9   7
 9   10
 9   12
 9   14
 9   15
 9   20
 10   1
 10   3
 10   6
 10   7
 10   9
 10   12
 10   14
 10   15
 10   20
 11   2
 11   4
 11   5
 11   6
 11   8
 11   13
 11   16
 11   17
 11   19
 12   1
 12   3
 12   6
 12   7
 12   9
 12   10
 12   14
 12   15
 12   20
 13   2
 13   4
 13   5
 13   8
 13   11
 13   16
 13   18
 13   19
 14   1
 14   3
 14   6
 14   7
 14   9
 14   10
 14   12
 14   15
 14   20
 15   1
 15   3
 15   4
 15   6
 15   7
 15   8
 15   9
 15   10
 15   12
 15   14
 15   20
 16   2
 16   4
 16   5
 16   8
 16   11
 16   13
 16   17
 16   18
 16   19
 17   2
 17   4
 17   5
 17   8
 17   11
 17   16
 17   18
 17   19
 18   2
 18   4
 18   5
 18   13
 18   16
 18   17
 18   19
 19   2
 19   4
 19   5
 19   11
 19   13
 19   16
 19   17
 19   18
 20   1
 20   3
 20   4
 20   6
 20   7
 20   9
 20   10
 20   12
 20   14
 20   15
