 1   2
 1   6
 1   9
 1   10
 1   12
 1   13
 1   15
 1   19
 1   20
 2   1
 2   4
 2   6
 2   9
 2   10
 2   12
 2   13
 2   14
 2   15
 2   19
 2   20
 3   5
 3   7
 3   8
 3   9
 3   11
 3   12
 3   14
 3   16
 3   17
 3   18
 4   2
 4   6
 4   10
 4   12
 4   13
 4   15
 4   19
 4   20
 5   3
 5   7
 5   8
 5   9
 5   10
 5   11
 5   16
 5   17
 5   18
 6   1
 6   2
 6   4
 6   10
 6   13
 6   15
 6   19
 6   20
 7   3
 7   5
 7   8
 7   9
 7   11
 7   13
 7   14
 7   16
 7   17
 7   18
 7   20
 8   3
 8   5
 8   7
 8   9
 8   11
 8   14
 8   16
 8   17
 8   18
 9   1
 9   2
 9   3
 9   5
 9   7
 9   8
 9   11
 9   14
 9   16
 9   17
 9   18
 10   1
 10   2
 10   4
 10   5
 10   6
 10   12
 10   13
 10   19
 10   20
 11   3
 11   5
 11   7
 11   8
 11   9
 11   13
 11   14
 11   16
 11   17
 11   18
 12   1
 12   2
 12   3
 12   4
 12   10
 12   13
 12   15
 12   19
 12   20
 13   1
 13   2
 13   4
 13   6
 13   7
 13   10
 13   11
 13   12
 13   15
 13   19
 13   20
 14   2
 14   3
 14   7
 14   8
 14   9
 14   11
 14   16
 14   17
 14   18
 15   1
 15   2
 15   4
 15   6
 15   12
 15   13
 15   19
 15   20
 16   3
 16   5
 16   7
 16   8
 16   9
 16   11
 16   14
 16   17
 16   18
 17   3
 17   5
 17   7
 17   8
 17   9
 17   11
 17   14
 17   16
 17   18
 18   3
 18   5
 18   7
 18   8
 18   9
 18   11
 18   14
 18   16
 18   17
 19   1
 19   2
 19   4
 19   6
 19   10
 19   12
 19   13
 19   15
 19   20
 20   1
 20   2
 20   4
 20   6
 20   7
 20   10
 20   12
 20   13
 20   15
 20   19
