 1   4
 1   6
 1   9
 1   10
 1   11
 1   13
 1   14
 1   17
 1   18
 1   20
 2   3
 2   4
 2   5
 2   7
 2   8
 2   12
 2   15
 2   16
 2   19
 3   2
 3   4
 3   5
 3   7
 3   8
 3   12
 3   15
 3   16
 3   17
 3   18
 3   19
 4   1
 4   2
 4   3
 4   5
 4   7
 4   8
 4   12
 4   15
 4   16
 4   19
 5   2
 5   3
 5   4
 5   7
 5   12
 5   15
 5   16
 5   19
 6   1
 6   9
 6   10
 6   11
 6   13
 6   14
 6   15
 6   17
 6   18
 6   20
 7   2
 7   3
 7   4
 7   5
 7   8
 7   11
 7   12
 7   15
 7   16
 7   19
 8   2
 8   3
 8   4
 8   7
 8   11
 8   12
 8   15
 8   16
 8   19
 9   1
 9   6
 9   10
 9   11
 9   13
 9   14
 9   17
 9   18
 9   20
 10   1
 10   6
 10   9
 10   11
 10   14
 10   18
 10   20
 11   1
 11   6
 11   7
 11   8
 11   9
 11   10
 11   13
 11   14
 11   17
 11   18
 12   2
 12   3
 12   4
 12   5
 12   7
 12   8
 12   14
 12   15
 12   16
 12   19
 13   1
 13   6
 13   9
 13   11
 13   14
 13   17
 13   18
 13   19
 13   20
 14   1
 14   6
 14   9
 14   10
 14   11
 14   12
 14   13
 14   17
 14   18
 14   20
 15   2
 15   3
 15   4
 15   5
 15   6
 15   7
 15   8
 15   12
 15   16
 15   19
 16   2
 16   3
 16   4
 16   5
 16   7
 16   8
 16   12
 16   15
 16   19
 17   1
 17   3
 17   6
 17   9
 17   11
 17   13
 17   14
 17   18
 17   20
 18   1
 18   3
 18   6
 18   9
 18   10
 18   11
 18   13
 18   14
 18   17
 18   20
 19   2
 19   3
 19   4
 19   5
 19   7
 19   8
 19   12
 19   13
 19   15
 19   16
 20   1
 20   6
 20   9
 20   10
 20   13
 20   14
 20   17
 20   18
