 1   3
 1   4
 1   8
 1   9
 1   10
 1   14
 1   15
 1   18
 1   19
 1   20
 2   5
 2   6
 2   7
 2   11
 2   12
 2   13
 2   16
 2   17
 2   18
 3   1
 3   4
 3   6
 3   8
 3   9
 3   10
 3   11
 3   14
 3   15
 3   19
 3   20
 4   1
 4   3
 4   8
 4   9
 4   14
 4   15
 4   19
 4   20
 5   2
 5   6
 5   11
 5   12
 5   13
 5   16
 5   17
 6   2
 6   3
 6   5
 6   7
 6   11
 6   12
 6   13
 6   17
 6   18
 7   2
 7   6
 7   11
 7   12
 7   13
 7   16
 7   17
 7   18
 8   1
 8   3
 8   4
 8   9
 8   10
 8   13
 8   14
 8   15
 8   19
 9   1
 9   3
 9   4
 9   8
 9   10
 9   14
 9   15
 9   20
 10   1
 10   3
 10   8
 10   9
 10   13
 10   14
 10   15
 10   19
 10   20
 11   2
 11   3
 11   5
 11   6
 11   7
 11   12
 11   13
 11   16
 11   17
 12   2
 12   5
 12   6
 12   7
 12   11
 12   13
 12   16
 12   17
 12   18
 13   2
 13   5
 13   6
 13   7
 13   8
 13   10
 13   11
 13   12
 13   16
 13   17
 13   18
 14   1
 14   3
 14   4
 14   8
 14   9
 14   10
 14   19
 14   20
 15   1
 15   3
 15   4
 15   8
 15   9
 15   10
 15   19
 15   20
 16   2
 16   5
 16   7
 16   11
 16   12
 16   13
 16   17
 16   18
 17   2
 17   5
 17   6
 17   7
 17   11
 17   12
 17   13
 17   16
 17   18
 17   19
 18   1
 18   2
 18   6
 18   7
 18   12
 18   13
 18   16
 18   17
 19   1
 19   3
 19   4
 19   8
 19   10
 19   14
 19   15
 19   17
 19   20
 20   1
 20   3
 20   4
 20   9
 20   10
 20   14
 20   15
 20   19
