 1   2
 1   4
 1   8
 1   11
 1   12
 1   13
 1   14
 1   16
 1   20
 2   1
 2   4
 2   6
 2   8
 2   9
 2   10
 2   11
 2   12
 2   13
 2   16
 2   20
 3   5
 3   7
 3   10
 3   12
 3   14
 3   15
 3   17
 3   18
 3   19
 4   1
 4   2
 4   8
 4   9
 4   12
 4   13
 4   14
 4   16
 4   20
 5   3
 5   6
 5   7
 5   8
 5   10
 5   14
 5   15
 5   17
 5   18
 5   19
 6   2
 6   5
 6   7
 6   10
 6   14
 6   15
 6   17
 6   18
 6   19
 7   3
 7   5
 7   6
 7   10
 7   14
 7   15
 7   17
 7   18
 7   19
 8   1
 8   2
 8   4
 8   5
 8   9
 8   11
 8   12
 8   13
 8   16
 8   20
 9   2
 9   4
 9   8
 9   11
 9   12
 9   13
 9   16
 9   20
 10   2
 10   3
 10   5
 10   6
 10   7
 10   14
 10   15
 10   17
 10   18
 10   19
 11   1
 11   2
 11   8
 11   9
 11   12
 11   13
 11   16
 11   17
 11   20
 12   1
 12   2
 12   3
 12   4
 12   8
 12   9
 12   11
 12   13
 12   16
 12   20
 13   1
 13   2
 13   4
 13   8
 13   9
 13   11
 13   12
 13   15
 13   16
 13   20
 14   1
 14   3
 14   4
 14   5
 14   6
 14   7
 14   10
 14   17
 14   18
 14   19
 15   3
 15   5
 15   6
 15   7
 15   10
 15   13
 15   17
 15   18
 15   19
 16   1
 16   2
 16   4
 16   8
 16   9
 16   11
 16   12
 16   13
 16   20
 17   3
 17   5
 17   6
 17   7
 17   10
 17   11
 17   14
 17   15
 17   18
 17   19
 18   3
 18   5
 18   6
 18   7
 18   10
 18   14
 18   15
 18   17
 18   19
 19   3
 19   5
 19   6
 19   7
 19   10
 19   14
 19   15
 19   17
 19   18
 20   1
 20   2
 20   4
 20   8
 20   9
 20   11
 20   12
 20   13
 20   16
