 1   2
 1   3
 1   10
 1   11
 1   12
 1   14
 1   16
 1   17
 2   1
 2   3
 2   10
 2   11
 2   12
 2   14
 2   15
 2   16
 2   17
 3   1
 3   2
 3   10
 3   11
 3   12
 3   14
 3   15
 3   16
 3   17
 3   20
 4   5
 4   6
 4   7
 4   8
 4   9
 4   13
 4   17
 4   19
 4   20
 5   4
 5   7
 5   9
 5   13
 5   18
 5   19
 5   20
 6   4
 6   7
 6   8
 6   9
 6   13
 6   16
 6   18
 6   20
 7   4
 7   5
 7   6
 7   8
 7   9
 7   10
 7   13
 7   16
 7   18
 7   19
 7   20
 8   4
 8   6
 8   7
 8   9
 8   13
 8   18
 8   19
 8   20
 9   4
 9   5
 9   6
 9   7
 9   8
 9   13
 9   19
 9   20
 10   1
 10   2
 10   3
 10   7
 10   11
 10   12
 10   14
 10   15
 10   17
 11   1
 11   2
 11   3
 11   10
 11   12
 11   14
 11   15
 11   16
 11   17
 11   20
 12   1
 12   2
 12   3
 12   10
 12   11
 12   14
 12   16
 12   17
 13   4
 13   5
 13   6
 13   7
 13   8
 13   9
 13   16
 13   18
 13   20
 14   1
 14   2
 14   3
 14   10
 14   11
 14   12
 14   16
 14   17
 15   2
 15   3
 15   10
 15   11
 15   16
 15   17
 16   1
 16   2
 16   3
 16   6
 16   7
 16   11
 16   12
 16   13
 16   14
 16   15
 16   17
 17   1
 17   2
 17   3
 17   4
 17   10
 17   11
 17   12
 17   14
 17   15
 17   16
 17   20
 18   5
 18   6
 18   7
 18   8
 18   13
 18   19
 18   20
 19   4
 19   5
 19   7
 19   8
 19   9
 19   18
 19   20
 20   3
 20   4
 20   5
 20   6
 20   7
 20   8
 20   9
 20   11
 20   13
 20   17
 20   18
 20   19
