 1   2
 1   8
 1   9
 1   10
 1   13
 1   15
 1   16
 1   17
 1   19
 1   20
 2   1
 2   8
 2   13
 2   15
 2   16
 2   18
 2   19
 2   20
 3   5
 3   7
 3   11
 3   12
 3   14
 3   17
 4   5
 4   6
 4   7
 4   11
 4   12
 4   14
 4   17
 5   3
 5   4
 5   6
 5   7
 5   9
 5   10
 5   11
 5   12
 5   14
 5   17
 6   4
 6   5
 6   7
 6   11
 6   12
 6   14
 6   17
 6   19
 7   3
 7   4
 7   5
 7   6
 7   9
 7   11
 7   12
 7   14
 7   17
 8   1
 8   2
 8   10
 8   12
 8   13
 8   15
 8   16
 8   18
 8   19
 8   20
 9   1
 9   5
 9   7
 9   11
 9   12
 9   13
 9   14
 10   1
 10   5
 10   8
 10   13
 10   14
 10   15
 10   16
 10   18
 10   19
 10   20
 11   3
 11   4
 11   5
 11   6
 11   7
 11   9
 11   12
 11   14
 11   17
 12   3
 12   4
 12   5
 12   6
 12   7
 12   8
 12   9
 12   11
 12   17
 13   1
 13   2
 13   8
 13   9
 13   10
 13   15
 13   16
 13   18
 13   19
 13   20
 14   3
 14   4
 14   5
 14   6
 14   7
 14   9
 14   10
 14   11
 14   15
 14   17
 15   1
 15   2
 15   8
 15   10
 15   13
 15   14
 15   16
 15   18
 15   19
 15   20
 16   1
 16   2
 16   8
 16   10
 16   13
 16   15
 16   18
 16   19
 16   20
 17   1
 17   3
 17   4
 17   5
 17   6
 17   7
 17   11
 17   12
 17   14
 18   2
 18   8
 18   10
 18   13
 18   15
 18   16
 18   19
 19   1
 19   2
 19   6
 19   8
 19   10
 19   13
 19   15
 19   16
 19   18
 19   20
 20   1
 20   2
 20   8
 20   10
 20   13
 20   15
 20   16
 20   19
