 1   4
 1   7
 1   8
 1   9
 1   10
 1   11
 1   13
 1   15
 1   16
 1   19
 2   3
 2   5
 2   6
 2   14
 2   17
 2   20
 3   2
 3   5
 3   6
 3   12
 3   14
 3   15
 3   18
 3   20
 4   1
 4   8
 4   9
 4   10
 4   11
 4   13
 4   15
 4   16
 4   17
 4   20
 5   2
 5   3
 5   6
 5   7
 5   10
 5   12
 5   14
 5   17
 5   18
 5   20
 6   2
 6   3
 6   5
 6   7
 6   11
 6   12
 6   14
 6   17
 6   20
 7   1
 7   5
 7   6
 7   12
 7   14
 7   17
 7   18
 8   1
 8   4
 8   9
 8   10
 8   11
 8   13
 8   15
 8   16
 8   19
 9   1
 9   4
 9   8
 9   10
 9   11
 9   13
 9   15
 9   16
 9   18
 9   19
 10   1
 10   4
 10   5
 10   8
 10   9
 10   11
 10   13
 10   15
 10   16
 10   19
 11   1
 11   4
 11   6
 11   8
 11   9
 11   10
 11   13
 11   16
 11   19
 12   3
 12   5
 12   6
 12   7
 12   14
 12   17
 12   18
 12   20
 13   1
 13   4
 13   8
 13   9
 13   10
 13   11
 13   15
 13   16
 13   19
 14   2
 14   3
 14   5
 14   6
 14   7
 14   12
 14   17
 14   18
 14   20
 15   1
 15   3
 15   4
 15   8
 15   9
 15   10
 15   13
 15   16
 15   19
 16   1
 16   4
 16   8
 16   9
 16   10
 16   11
 16   13
 16   15
 16   18
 16   19
 17   2
 17   4
 17   5
 17   6
 17   7
 17   12
 17   14
 17   20
 18   3
 18   5
 18   7
 18   9
 18   12
 18   14
 18   16
 18   20
 19   1
 19   8
 19   9
 19   10
 19   11
 19   13
 19   15
 19   16
 20   2
 20   3
 20   4
 20   5
 20   6
 20   12
 20   14
 20   17
 20   18
