 1   3
 1   4
 1   6
 1   7
 1   8
 1   10
 1   13
 1   18
 1   19
 2   5
 2   9
 2   11
 2   12
 2   14
 2   15
 2   16
 2   17
 2   20
 3   1
 3   4
 3   6
 3   7
 3   8
 3   10
 3   11
 3   13
 3   18
 3   19
 4   1
 4   3
 4   6
 4   7
 4   8
 4   13
 4   18
 4   19
 5   2
 5   8
 5   9
 5   11
 5   12
 5   14
 5   15
 5   16
 5   17
 5   20
 6   1
 6   3
 6   4
 6   7
 6   8
 6   10
 6   13
 6   18
 6   19
 7   1
 7   3
 7   4
 7   6
 7   8
 7   10
 7   12
 7   13
 7   18
 7   19
 8   1
 8   3
 8   4
 8   5
 8   6
 8   7
 8   10
 8   12
 8   16
 8   18
 8   19
 9   2
 9   5
 9   11
 9   12
 9   14
 9   15
 9   16
 9   17
 9   20
 10   1
 10   3
 10   6
 10   7
 10   8
 10   13
 10   18
 10   19
 11   2
 11   3
 11   5
 11   9
 11   12
 11   13
 11   14
 11   15
 11   16
 11   17
 11   19
 11   20
 12   2
 12   5
 12   7
 12   8
 12   9
 12   11
 12   14
 12   15
 12   16
 12   17
 12   20
 13   1
 13   3
 13   4
 13   6
 13   7
 13   10
 13   11
 13   15
 13   18
 13   19
 14   2
 14   5
 14   9
 14   11
 14   12
 14   15
 14   16
 14   17
 14   20
 15   2
 15   5
 15   9
 15   11
 15   12
 15   13
 15   14
 15   16
 15   17
 16   2
 16   5
 16   8
 16   9
 16   11
 16   12
 16   14
 16   15
 16   17
 16   20
 17   2
 17   5
 17   9
 17   11
 17   12
 17   14
 17   15
 17   16
 17   20
 18   1
 18   3
 18   4
 18   6
 18   7
 18   8
 18   10
 18   13
 18   19
 19   1
 19   3
 19   4
 19   6
 19   7
 19   8
 19   10
 19   11
 19   13
 19   18
 20   2
 20   5
 20   9
 20   11
 20   12
 20   14
 20   16
 20   17
