 1   2
 1   3
 1   6
 1   8
 1   12
 1   13
 1   16
 1   19
 2   1
 2   3
 2   6
 2   7
 2   8
 2   12
 2   13
 2   16
 2   18
 2   19
 3   1
 3   2
 3   6
 3   8
 3   12
 3   13
 3   16
 3   18
 3   19
 4   7
 4   8
 4   9
 4   10
 4   11
 4   14
 4   15
 4   20
 5   7
 5   9
 5   10
 5   11
 5   13
 5   14
 5   15
 5   17
 5   20
 6   1
 6   2
 6   3
 6   7
 6   8
 6   12
 6   13
 6   16
 6   18
 6   19
 7   2
 7   4
 7   5
 7   6
 7   9
 7   10
 7   14
 7   15
 7   17
 7   20
 8   1
 8   2
 8   3
 8   4
 8   6
 8   12
 8   13
 8   15
 8   16
 8   19
 9   4
 9   5
 9   7
 9   10
 9   11
 9   14
 9   15
 9   17
 9   20
 10   4
 10   5
 10   7
 10   9
 10   11
 10   14
 10   15
 10   17
 11   4
 11   5
 11   9
 11   10
 11   14
 11   15
 11   16
 11   17
 11   19
 11   20
 12   1
 12   2
 12   3
 12   6
 12   8
 12   13
 12   16
 12   18
 12   19
 13   1
 13   2
 13   3
 13   5
 13   6
 13   8
 13   12
 13   16
 13   18
 13   19
 13   20
 14   4
 14   5
 14   7
 14   9
 14   10
 14   11
 14   15
 14   17
 15   4
 15   5
 15   7
 15   8
 15   9
 15   10
 15   11
 15   14
 15   17
 15   20
 16   1
 16   2
 16   3
 16   6
 16   8
 16   11
 16   12
 16   13
 16   18
 16   19
 17   5
 17   7
 17   9
 17   10
 17   11
 17   14
 17   15
 17   20
 18   2
 18   3
 18   6
 18   12
 18   13
 18   16
 18   19
 19   1
 19   2
 19   3
 19   6
 19   8
 19   11
 19   12
 19   13
 19   16
 19   18
 20   4
 20   5
 20   7
 20   9
 20   11
 20   13
 20   15
 20   17
