 1   3
 1   5
 1   9
 1   10
 1   11
 1   14
 1   16
 1   17
 1   19
 2   6
 2   7
 2   8
 2   12
 2   14
 2   15
 2   18
 2   19
 2   20
 3   1
 3   5
 3   9
 3   10
 3   11
 3   13
 3   16
 3   17
 3   19
 4   6
 4   7
 4   8
 4   9
 4   12
 4   14
 4   15
 4   18
 4   20
 5   1
 5   3
 5   9
 5   10
 5   11
 5   13
 5   16
 5   17
 5   19
 6   2
 6   4
 6   7
 6   8
 6   12
 6   14
 6   15
 6   16
 6   18
 6   20
 7   2
 7   4
 7   6
 7   8
 7   12
 7   14
 7   15
 7   17
 7   18
 7   20
 8   2
 8   4
 8   6
 8   7
 8   12
 8   13
 8   14
 8   15
 8   18
 8   20
 9   1
 9   3
 9   4
 9   5
 9   10
 9   11
 9   13
 9   16
 9   17
 9   19
 10   1
 10   3
 10   5
 10   9
 10   11
 10   15
 10   16
 10   17
 10   19
 11   1
 11   3
 11   5
 11   9
 11   10
 11   12
 11   13
 11   16
 11   17
 11   19
 12   2
 12   4
 12   6
 12   7
 12   8
 12   11
 12   14
 12   15
 12   18
 12   20
 13   3
 13   5
 13   8
 13   9
 13   11
 13   16
 13   19
 14   1
 14   2
 14   4
 14   6
 14   7
 14   8
 14   12
 14   15
 14   18
 15   2
 15   4
 15   6
 15   7
 15   8
 15   10
 15   12
 15   14
 15   18
 15   20
 16   1
 16   3
 16   5
 16   6
 16   9
 16   10
 16   11
 16   13
 16   17
 16   19
 17   1
 17   3
 17   5
 17   7
 17   9
 17   10
 17   11
 17   16
 17   19
 18   2
 18   4
 18   6
 18   7
 18   8
 18   12
 18   14
 18   15
 18   20
 19   1
 19   2
 19   3
 19   5
 19   9
 19   10
 19   11
 19   13
 19   16
 19   17
 20   2
 20   4
 20   6
 20   7
 20   8
 20   12
 20   15
 20   18
