 1   2
 1   3
 1   6
 1   7
 1   8
 1   13
 1   14
 1   15
 1   18
 1   19
 2   1
 2   3
 2   6
 2   7
 2   13
 2   14
 2   15
 2   19
 3   1
 3   2
 3   6
 3   7
 3   13
 3   14
 3   15
 3   18
 3   19
 3   20
 4   5
 4   8
 4   9
 4   10
 4   11
 4   12
 4   16
 4   20
 5   4
 5   8
 5   9
 5   10
 5   11
 5   12
 5   15
 5   16
 5   17
 5   20
 6   1
 6   2
 6   3
 6   7
 6   13
 6   14
 6   15
 6   18
 6   19
 7   1
 7   2
 7   3
 7   6
 7   8
 7   13
 7   14
 7   15
 7   18
 7   19
 8   1
 8   4
 8   5
 8   7
 8   9
 8   10
 8   11
 8   12
 8   16
 8   17
 8   20
 9   4
 9   5
 9   8
 9   10
 9   11
 9   17
 9   18
 9   20
 10   4
 10   5
 10   8
 10   9
 10   11
 10   12
 10   16
 10   17
 10   20
 11   4
 11   5
 11   8
 11   9
 11   10
 11   12
 11   16
 11   17
 11   20
 12   4
 12   5
 12   8
 12   10
 12   11
 12   15
 12   16
 12   17
 12   20
 13   1
 13   2
 13   3
 13   6
 13   7
 13   14
 13   15
 13   18
 13   19
 14   1
 14   2
 14   3
 14   6
 14   7
 14   13
 14   15
 14   18
 14   19
 15   1
 15   2
 15   3
 15   5
 15   6
 15   7
 15   12
 15   13
 15   14
 15   18
 15   19
 16   4
 16   5
 16   8
 16   10
 16   11
 16   12
 16   17
 16   20
 17   5
 17   8
 17   9
 17   10
 17   11
 17   12
 17   16
 17   20
 18   1
 18   3
 18   6
 18   7
 18   9
 18   13
 18   14
 18   15
 18   19
 19   1
 19   2
 19   3
 19   6
 19   7
 19   13
 19   14
 19   15
 19   18
 20   3
 20   4
 20   5
 20   8
 20   9
 20   10
 20   11
 20   12
 20   16
 20   17
