 1   2
 1   3
 1   5
 1   6
 1   9
 1   10
 1   11
 1   13
 1   19
 1   20
 2   1
 2   3
 2   6
 2   9
 2   10
 2   11
 2   13
 2   19
 2   20
 3   1
 3   2
 3   6
 3   9
 3   11
 3   13
 3   15
 3   19
 3   20
 4   5
 4   7
 4   8
 4   12
 4   14
 4   15
 4   16
 4   17
 4   18
 5   1
 5   4
 5   7
 5   8
 5   12
 5   14
 5   15
 5   16
 5   17
 5   18
 5   19
 6   1
 6   2
 6   3
 6   9
 6   10
 6   11
 6   13
 6   18
 6   19
 6   20
 7   4
 7   5
 7   8
 7   10
 7   12
 7   14
 7   15
 7   16
 7   17
 7   18
 8   4
 8   5
 8   7
 8   9
 8   12
 8   14
 8   15
 8   17
 8   18
 9   1
 9   2
 9   3
 9   6
 9   8
 9   10
 9   13
 9   19
 9   20
 10   1
 10   2
 10   6
 10   7
 10   9
 10   11
 10   13
 10   16
 10   19
 10   20
 11   1
 11   2
 11   3
 11   6
 11   10
 11   13
 11   19
 12   4
 12   5
 12   7
 12   8
 12   14
 12   15
 12   16
 12   17
 12   18
 13   1
 13   2
 13   3
 13   6
 13   9
 13   10
 13   11
 13   19
 14   4
 14   5
 14   7
 14   8
 14   12
 14   15
 14   16
 14   17
 14   18
 14   20
 15   3
 15   4
 15   5
 15   7
 15   8
 15   12
 15   14
 15   16
 15   17
 16   4
 16   5
 16   7
 16   10
 16   12
 16   14
 16   15
 16   17
 16   18
 17   4
 17   5
 17   7
 17   8
 17   12
 17   14
 17   15
 17   16
 17   18
 18   4
 18   5
 18   6
 18   7
 18   8
 18   12
 18   14
 18   16
 18   17
 19   1
 19   2
 19   3
 19   5
 19   6
 19   9
 19   10
 19   11
 19   13
 19   20
 20   1
 20   2
 20   3
 20   6
 20   9
 20   10
 20   14
 20   19
