 1   3
 1   4
 1   6
 1   7
 1   9
 1   13
 1   16
 1   18
 1   20
 2   5
 2   8
 2   10
 2   14
 2   15
 2   17
 2   19
 3   1
 3   4
 3   6
 3   7
 3   8
 3   13
 3   16
 3   18
 3   20
 4   1
 4   3
 4   6
 4   7
 4   9
 4   11
 4   13
 4   16
 4   18
 4   20
 5   2
 5   7
 5   8
 5   10
 5   11
 5   12
 5   14
 5   15
 5   17
 5   19
 6   1
 6   3
 6   4
 6   7
 6   9
 6   13
 6   16
 6   18
 6   19
 6   20
 7   1
 7   3
 7   4
 7   5
 7   6
 7   8
 7   9
 7   16
 7   18
 7   20
 8   2
 8   3
 8   5
 8   7
 8   10
 8   12
 8   15
 8   17
 8   19
 9   1
 9   4
 9   6
 9   7
 9   13
 9   16
 9   18
 9   20
 10   2
 10   5
 10   8
 10   11
 10   12
 10   13
 10   14
 10   15
 10   17
 10   19
 11   4
 11   5
 11   10
 11   12
 11   13
 11   14
 11   15
 11   17
 11   19
 12   5
 12   8
 12   10
 12   11
 12   14
 12   17
 12   19
 13   1
 13   3
 13   4
 13   6
 13   9
 13   10
 13   11
 13   16
 13   18
 14   2
 14   5
 14   10
 14   11
 14   12
 14   15
 14   19
 15   2
 15   5
 15   8
 15   10
 15   11
 15   14
 15   19
 16   1
 16   3
 16   4
 16   6
 16   7
 16   9
 16   13
 16   17
 16   18
 16   20
 17   2
 17   5
 17   8
 17   10
 17   11
 17   12
 17   16
 17   19
 18   1
 18   3
 18   4
 18   6
 18   7
 18   9
 18   13
 18   16
 18   20
 19   2
 19   5
 19   6
 19   8
 19   10
 19   11
 19   12
 19   14
 19   15
 19   17
 20   1
 20   3
 20   4
 20   6
 20   7
 20   9
 20   16
 20   18
