 1   3
 1   4
 1   5
 1   10
 1   12
 1   13
 1   16
 1   19
 1   20
 2   6
 2   7
 2   8
 2   9
 2   11
 2   13
 2   14
 2   17
 2   18
 3   1
 3   4
 3   5
 3   10
 3   15
 3   16
 3   19
 3   20
 4   1
 4   3
 4   5
 4   10
 4   12
 4   15
 4   16
 4   18
 4   19
 5   1
 5   3
 5   4
 5   10
 5   11
 5   12
 5   14
 5   15
 5   16
 5   19
 5   20
 6   2
 6   7
 6   8
 6   9
 6   11
 6   12
 6   13
 6   14
 6   17
 6   18
 7   2
 7   6
 7   8
 7   9
 7   11
 7   13
 7   14
 7   17
 7   18
 8   2
 8   6
 8   7
 8   9
 8   11
 8   13
 8   14
 8   17
 8   18
 8   19
 9   2
 9   6
 9   7
 9   8
 9   11
 9   13
 9   14
 9   16
 9   17
 9   18
 10   1
 10   3
 10   4
 10   5
 10   12
 10   15
 10   16
 10   18
 10   19
 10   20
 11   2
 11   5
 11   6
 11   7
 11   8
 11   9
 11   13
 11   14
 11   17
 11   18
 12   1
 12   4
 12   5
 12   6
 12   10
 12   15
 12   16
 12   19
 12   20
 13   1
 13   2
 13   6
 13   7
 13   8
 13   9
 13   11
 13   14
 13   17
 13   18
 14   2
 14   5
 14   6
 14   7
 14   8
 14   9
 14   11
 14   13
 14   17
 14   18
 15   3
 15   4
 15   5
 15   10
 15   12
 15   16
 15   19
 15   20
 16   1
 16   3
 16   4
 16   5
 16   9
 16   10
 16   12
 16   15
 16   19
 16   20
 17   2
 17   6
 17   7
 17   8
 17   9
 17   11
 17   13
 17   14
 17   18
 18   2
 18   4
 18   6
 18   7
 18   8
 18   9
 18   10
 18   11
 18   13
 18   14
 18   17
 19   1
 19   3
 19   4
 19   5
 19   8
 19   10
 19   12
 19   15
 19   16
 19   20
 20   1
 20   3
 20   5
 20   10
 20   12
 20   15
 20   16
 20   19
