 1   2
 1   3
 1   7
 1   8
 1   9
 1   10
 1   12
 1   14
 1   15
 2   1
 2   3
 2   7
 2   8
 2   9
 2   10
 2   12
 2   14
 3   1
 3   2
 3   7
 3   8
 3   9
 3   10
 3   12
 3   14
 3   16
 4   5
 4   9
 4   11
 4   13
 4   16
 4   17
 4   19
 4   20
 5   4
 5   6
 5   11
 5   13
 5   14
 5   16
 5   17
 5   18
 5   19
 5   20
 6   5
 6   8
 6   11
 6   13
 6   16
 6   17
 6   18
 6   19
 6   20
 7   1
 7   2
 7   3
 7   9
 7   10
 7   12
 7   14
 7   20
 8   1
 8   2
 8   3
 8   6
 8   9
 8   10
 8   12
 8   14
 8   15
 9   1
 9   2
 9   3
 9   4
 9   7
 9   8
 9   10
 9   12
 9   14
 9   15
 10   1
 10   2
 10   3
 10   7
 10   8
 10   9
 10   12
 10   14
 10   15
 10   19
 11   4
 11   5
 11   6
 11   13
 11   17
 11   18
 11   19
 11   20
 12   1
 12   2
 12   3
 12   7
 12   8
 12   9
 12   10
 12   14
 12   15
 12   18
 13   4
 13   5
 13   6
 13   11
 13   16
 13   17
 13   18
 13   19
 13   20
 14   1
 14   2
 14   3
 14   5
 14   7
 14   8
 14   9
 14   10
 14   12
 14   15
 15   1
 15   8
 15   9
 15   10
 15   12
 15   14
 15   17
 16   3
 16   4
 16   5
 16   6
 16   13
 16   17
 16   18
 16   19
 16   20
 17   4
 17   5
 17   6
 17   11
 17   13
 17   15
 17   16
 17   18
 17   19
 17   20
 18   5
 18   6
 18   11
 18   12
 18   13
 18   16
 18   17
 18   19
 19   4
 19   5
 19   6
 19   10
 19   11
 19   13
 19   16
 19   17
 19   18
 19   20
 20   4
 20   5
 20   6
 20   7
 20   11
 20   13
 20   16
 20   17
 20   19
