 1   3
 1   5
 1   6
 1   11
 1   13
 1   15
 1   16
 1   19
 1   20
 2   3
 2   4
 2   7
 2   8
 2   9
 2   10
 2   12
 2   14
 2   17
 3   1
 3   2
 3   4
 3   7
 3   8
 3   9
 3   10
 3   14
 4   2
 4   3
 4   7
 4   8
 4   9
 4   10
 4   12
 4   14
 4   16
 4   17
 5   1
 5   11
 5   13
 5   15
 5   16
 5   18
 5   19
 5   20
 6   1
 6   11
 6   13
 6   15
 6   16
 6   18
 6   19
 6   20
 7   2
 7   3
 7   4
 7   8
 7   9
 7   10
 7   12
 7   14
 7   17
 8   2
 8   3
 8   4
 8   7
 8   9
 8   10
 8   12
 8   14
 8   17
 9   2
 9   3
 9   4
 9   7
 9   8
 9   10
 9   12
 9   14
 9   17
 10   2
 10   3
 10   4
 10   7
 10   8
 10   9
 10   12
 10   14
 10   17
 10   20
 11   1
 11   5
 11   6
 11   12
 11   16
 11   18
 11   19
 11   20
 12   2
 12   4
 12   7
 12   8
 12   9
 12   10
 12   11
 12   14
 12   17
 12   18
 13   1
 13   5
 13   6
 13   16
 13   18
 13   19
 14   2
 14   3
 14   4
 14   7
 14   8
 14   9
 14   10
 14   12
 14   15
 14   16
 14   17
 15   1
 15   5
 15   6
 15   14
 15   16
 15   18
 15   19
 15   20
 16   1
 16   4
 16   5
 16   6
 16   11
 16   13
 16   14
 16   15
 16   18
 16   19
 16   20
 17   2
 17   4
 17   7
 17   8
 17   9
 17   10
 17   12
 17   14
 17   18
 18   5
 18   6
 18   11
 18   12
 18   13
 18   15
 18   16
 18   17
 18   19
 18   20
 19   1
 19   5
 19   6
 19   11
 19   13
 19   15
 19   16
 19   18
 19   20
 20   1
 20   5
 20   6
 20   10
 20   11
 20   15
 20   16
 20   18
 20   19
