 1   2
 1   3
 1   4
 1   5
 1   6
 1   10
 1   12
 1   14
 1   16
 1   17
 1   20
 2   1
 2   5
 2   7
 2   8
 2   9
 2   10
 2   11
 2   13
 2   15
 2   18
 2   19
 3   1
 3   4
 3   6
 3   10
 3   14
 3   16
 3   17
 4   1
 4   3
 4   5
 4   6
 4   10
 4   12
 4   14
 4   16
 4   17
 4   20
 5   1
 5   2
 5   4
 5   7
 5   8
 5   9
 5   11
 5   13
 5   15
 5   18
 5   19
 6   1
 6   3
 6   4
 6   7
 6   10
 6   11
 6   14
 6   17
 6   20
 7   2
 7   5
 7   6
 7   8
 7   9
 7   11
 7   15
 7   18
 7   19
 7   20
 8   2
 8   5
 8   7
 8   9
 8   11
 8   13
 8   15
 8   18
 8   19
 8   20
 9   2
 9   5
 9   7
 9   8
 9   11
 9   13
 9   15
 9   18
 9   19
 10   1
 10   2
 10   3
 10   4
 10   6
 10   12
 10   14
 10   16
 10   17
 10   20
 11   2
 11   5
 11   6
 11   7
 11   8
 11   9
 11   13
 11   15
 11   18
 12   1
 12   4
 12   10
 12   14
 12   16
 12   17
 12   20
 13   2
 13   5
 13   8
 13   9
 13   11
 13   15
 13   18
 13   19
 14   1
 14   3
 14   4
 14   6
 14   10
 14   12
 14   16
 14   17
 14   20
 15   2
 15   5
 15   7
 15   8
 15   9
 15   11
 15   13
 15   18
 15   19
 16   1
 16   3
 16   4
 16   10
 16   12
 16   14
 16   17
 16   20
 17   1
 17   3
 17   4
 17   6
 17   10
 17   12
 17   14
 17   16
 17   20
 18   2
 18   5
 18   7
 18   8
 18   9
 18   11
 18   13
 18   15
 18   19
 19   2
 19   5
 19   7
 19   8
 19   9
 19   13
 19   15
 19   18
 20   1
 20   4
 20   6
 20   7
 20   8
 20   10
 20   12
 20   14
 20   16
 20   17
