 1   2
 1   3
 1   4
 1   7
 1   8
 1   14
 1   15
 1   19
 1   20
 2   1
 2   3
 2   4
 2   5
 2   8
 2   14
 2   15
 2   17
 2   19
 3   1
 3   2
 3   4
 3   5
 3   7
 3   8
 3   10
 3   14
 3   15
 3   19
 4   1
 4   2
 4   3
 4   5
 4   7
 4   8
 4   14
 4   15
 4   19
 5   2
 5   3
 5   4
 5   7
 5   14
 5   15
 5   19
 6   9
 6   10
 6   12
 6   13
 6   16
 6   17
 6   18
 6   20
 7   1
 7   3
 7   4
 7   5
 7   8
 7   14
 7   15
 7   19
 8   1
 8   2
 8   3
 8   4
 8   7
 8   12
 8   14
 8   15
 8   19
 9   6
 9   11
 9   12
 9   13
 9   16
 9   18
 9   20
 10   3
 10   6
 10   11
 10   12
 10   13
 10   16
 10   18
 10   20
 11   9
 11   10
 11   12
 11   13
 11   14
 11   16
 11   17
 11   18
 11   20
 12   6
 12   8
 12   9
 12   10
 12   11
 12   13
 12   16
 12   17
 12   18
 13   6
 13   9
 13   10
 13   11
 13   12
 13   16
 13   17
 13   18
 13   20
 14   1
 14   2
 14   3
 14   4
 14   5
 14   7
 14   8
 14   11
 14   15
 14   19
 15   1
 15   2
 15   3
 15   4
 15   5
 15   7
 15   8
 15   14
 15   16
 15   18
 15   19
 16   6
 16   9
 16   10
 16   11
 16   12
 16   13
 16   15
 16   17
 16   18
 16   20
 17   2
 17   6
 17   11
 17   12
 17   13
 17   16
 17   20
 18   6
 18   9
 18   10
 18   11
 18   12
 18   13
 18   15
 18   16
 18   20
 19   1
 19   2
 19   3
 19   4
 19   5
 19   7
 19   8
 19   14
 19   15
 19   20
 20   1
 20   6
 20   9
 20   10
 20   11
 20   13
 20   16
 20   17
 20   18
 20   19
