 1   2
 1   9
 1   10
 1   11
 1   12
 1   13
 1   15
 1   17
 2   1
 2   7
 2   9
 2   10
 2   11
 2   13
 2   15
 2   17
 3   4
 3   5
 3   6
 3   8
 3   14
 3   16
 3   18
 3   19
 3   20
 4   3
 4   5
 4   6
 4   8
 4   14
 4   16
 4   18
 4   19
 4   20
 5   3
 5   4
 5   8
 5   11
 5   12
 5   14
 5   16
 5   19
 5   20
 6   3
 6   4
 6   8
 6   14
 6   16
 6   19
 6   20
 7   2
 7   9
 7   10
 7   11
 7   12
 7   13
 7   15
 7   16
 7   17
 7   18
 8   3
 8   4
 8   5
 8   6
 8   12
 8   14
 8   16
 8   17
 8   18
 8   19
 8   20
 9   1
 9   2
 9   7
 9   10
 9   11
 9   12
 9   13
 9   15
 9   17
 10   1
 10   2
 10   7
 10   9
 10   11
 10   12
 10   13
 10   15
 10   17
 11   1
 11   2
 11   5
 11   7
 11   9
 11   10
 11   12
 11   13
 11   15
 11   17
 12   1
 12   5
 12   7
 12   8
 12   9
 12   10
 12   11
 12   13
 12   15
 12   17
 13   1
 13   2
 13   7
 13   9
 13   10
 13   11
 13   12
 13   15
 13   16
 13   17
 13   19
 14   3
 14   4
 14   5
 14   6
 14   8
 14   16
 14   18
 14   19
 14   20
 15   1
 15   2
 15   7
 15   9
 15   10
 15   11
 15   12
 15   13
 15   17
 16   3
 16   4
 16   5
 16   6
 16   7
 16   8
 16   13
 16   14
 16   18
 16   19
 16   20
 17   1
 17   2
 17   7
 17   8
 17   9
 17   10
 17   11
 17   12
 17   13
 17   15
 18   3
 18   4
 18   7
 18   8
 18   14
 18   16
 18   19
 18   20
 19   3
 19   4
 19   5
 19   6
 19   8
 19   13
 19   14
 19   16
 19   18
 19   20
 20   3
 20   4
 20   5
 20   6
 20   8
 20   14
 20   16
 20   18
 20   19
