 1   3
 1   5
 1   7
 1   10
 1   12
 1   13
 1   15
 1   17
 2   4
 2   5
 2   10
 2   11
 2   14
 2   16
 2   19
 2   20
 3   1
 3   5
 3   7
 3   9
 3   12
 3   13
 3   14
 3   15
 3   17
 3   18
 4   2
 4   6
 4   8
 4   10
 4   11
 4   14
 4   19
 5   1
 5   2
 5   3
 5   7
 5   9
 5   10
 5   13
 5   15
 5   17
 5   18
 5   20
 6   4
 6   8
 6   10
 6   11
 6   14
 6   16
 6   19
 6   20
 7   1
 7   3
 7   5
 7   9
 7   12
 7   13
 7   15
 7   17
 7   18
 8   4
 8   6
 8   10
 8   11
 8   14
 8   16
 8   19
 8   20
 9   3
 9   5
 9   7
 9   12
 9   13
 9   15
 9   17
 9   18
 10   1
 10   2
 10   4
 10   5
 10   6
 10   8
 10   11
 10   14
 10   16
 10   19
 10   20
 11   2
 11   4
 11   6
 11   8
 11   10
 11   12
 11   16
 11   19
 11   20
 12   1
 12   3
 12   7
 12   9
 12   11
 12   13
 12   14
 12   15
 12   17
 12   18
 13   1
 13   3
 13   5
 13   7
 13   9
 13   12
 13   15
 13   17
 13   18
 14   2
 14   3
 14   4
 14   6
 14   8
 14   10
 14   12
 14   16
 14   18
 14   19
 14   20
 15   1
 15   3
 15   5
 15   7
 15   9
 15   12
 15   13
 15   17
 15   18
 16   2
 16   6
 16   8
 16   10
 16   11
 16   14
 16   19
 17   1
 17   3
 17   5
 17   7
 17   9
 17   12
 17   13
 17   15
 17   18
 18   3
 18   5
 18   7
 18   9
 18   12
 18   13
 18   14
 18   15
 18   17
 19   2
 19   4
 19   6
 19   8
 19   10
 19   11
 19   14
 19   16
 20   2
 20   5
 20   6
 20   8
 20   10
 20   11
 20   14
