 1   4
 1   8
 1   9
 1   10
 1   11
 1   14
 1   15
 1   16
 1   19
 2   5
 2   6
 2   7
 2   10
 2   11
 2   12
 2   13
 2   17
 2   18
 2   20
 3   5
 3   6
 3   7
 3   12
 3   13
 3   17
 3   20
 4   1
 4   8
 4   9
 4   10
 4   14
 4   15
 4   16
 4   19
 5   2
 5   3
 5   6
 5   7
 5   12
 5   13
 5   17
 5   18
 5   20
 6   2
 6   3
 6   5
 6   7
 6   11
 6   12
 6   13
 6   16
 6   17
 6   18
 7   2
 7   3
 7   5
 7   6
 7   11
 7   12
 7   13
 7   17
 7   18
 8   1
 8   4
 8   9
 8   10
 8   11
 8   14
 8   15
 8   16
 8   19
 9   1
 9   4
 9   8
 9   10
 9   11
 9   14
 9   15
 9   16
 9   19
 10   1
 10   2
 10   4
 10   8
 10   9
 10   11
 10   14
 10   15
 10   16
 10   17
 10   19
 11   1
 11   2
 11   6
 11   7
 11   8
 11   9
 11   10
 11   14
 11   15
 11   16
 11   19
 12   2
 12   3
 12   5
 12   6
 12   7
 12   13
 12   17
 12   18
 12   20
 13   2
 13   3
 13   5
 13   6
 13   7
 13   12
 13   17
 13   18
 13   20
 14   1
 14   4
 14   8
 14   9
 14   10
 14   11
 14   15
 14   17
 14   19
 15   1
 15   4
 15   8
 15   9
 15   10
 15   11
 15   14
 15   16
 15   19
 16   1
 16   4
 16   6
 16   8
 16   9
 16   10
 16   11
 16   15
 16   17
 16   19
 17   2
 17   3
 17   5
 17   6
 17   7
 17   10
 17   12
 17   13
 17   14
 17   16
 17   18
 17   20
 18   2
 18   5
 18   6
 18   7
 18   12
 18   13
 18   17
 19   1
 19   4
 19   8
 19   9
 19   10
 19   11
 19   14
 19   15
 19   16
 20   2
 20   3
 20   5
 20   12
 20   13
 20   17
