 1   5
 1   7
 1   9
 1   10
 1   11
 1   12
 1   13
 1   14
 1   18
 1   19
 2   3
 2   4
 2   6
 2   8
 2   10
 2   12
 2   15
 2   16
 2   17
 2   20
 3   2
 3   4
 3   6
 3   8
 3   12
 3   15
 3   16
 3   17
 4   2
 4   3
 4   6
 4   8
 4   12
 4   15
 4   16
 4   17
 4   20
 5   1
 5   7
 5   10
 5   11
 5   13
 5   14
 5   16
 5   19
 6   2
 6   3
 6   4
 6   8
 6   12
 6   15
 6   16
 6   17
 6   20
 7   1
 7   5
 7   9
 7   10
 7   11
 7   13
 7   14
 7   16
 7   18
 7   19
 8   2
 8   3
 8   4
 8   6
 8   11
 8   12
 8   15
 8   16
 8   17
 8   20
 9   1
 9   7
 9   10
 9   11
 9   13
 9   14
 9   18
 9   19
 10   1
 10   2
 10   5
 10   7
 10   9
 10   11
 10   13
 10   14
 10   18
 10   19
 10   20
 11   1
 11   5
 11   7
 11   8
 11   9
 11   10
 11   13
 11   14
 11   18
 11   19
 12   1
 12   2
 12   3
 12   4
 12   6
 12   8
 12   15
 12   16
 12   20
 13   1
 13   5
 13   7
 13   9
 13   10
 13   11
 13   14
 13   17
 13   18
 13   19
 14   1
 14   5
 14   7
 14   9
 14   10
 14   11
 14   13
 14   19
 15   2
 15   3
 15   4
 15   6
 15   8
 15   12
 15   16
 15   17
 15   18
 15   20
 16   2
 16   3
 16   4
 16   5
 16   6
 16   7
 16   8
 16   12
 16   15
 16   17
 16   20
 17   2
 17   3
 17   4
 17   6
 17   8
 17   13
 17   15
 17   16
 17   20
 18   1
 18   7
 18   9
 18   10
 18   11
 18   13
 18   15
 18   19
 19   1
 19   5
 19   7
 19   9
 19   10
 19   11
 19   13
 19   14
 19   18
 20   2
 20   4
 20   6
 20   8
 20   10
 20   12
 20   15
 20   16
 20   17
