 1   2
 1   4
 1   5
 1   11
 1   14
 1   16
 1   18
 1   19
 1   20
 2   1
 2   3
 2   4
 2   5
 2   11
 2   16
 2   18
 2   19
 3   2
 3   6
 3   7
 3   9
 3   10
 3   11
 3   12
 3   13
 3   15
 3   20
 4   1
 4   2
 4   5
 4   8
 4   14
 4   16
 4   18
 4   19
 5   1
 5   2
 5   4
 5   8
 5   11
 5   14
 5   16
 5   18
 5   19
 6   3
 6   7
 6   9
 6   10
 6   12
 6   13
 6   15
 6   17
 6   20
 7   3
 7   6
 7   8
 7   9
 7   10
 7   12
 7   13
 7   15
 7   17
 7   18
 7   20
 8   4
 8   5
 8   7
 8   11
 8   14
 8   16
 8   18
 8   19
 9   3
 9   6
 9   7
 9   10
 9   12
 9   13
 9   17
 9   20
 10   3
 10   6
 10   7
 10   9
 10   11
 10   12
 10   15
 10   17
 10   20
 11   1
 11   2
 11   3
 11   5
 11   8
 11   10
 11   16
 11   18
 12   3
 12   6
 12   7
 12   9
 12   10
 12   15
 12   17
 12   18
 12   20
 13   3
 13   6
 13   7
 13   9
 13   15
 13   17
 13   20
 14   1
 14   4
 14   5
 14   8
 14   16
 14   18
 14   19
 15   3
 15   6
 15   7
 15   10
 15   12
 15   13
 15   16
 15   17
 15   20
 16   1
 16   2
 16   4
 16   5
 16   8
 16   11
 16   14
 16   15
 16   18
 16   19
 17   6
 17   7
 17   9
 17   10
 17   12
 17   13
 17   15
 17   20
 18   1
 18   2
 18   4
 18   5
 18   7
 18   8
 18   11
 18   12
 18   14
 18   16
 18   19
 19   1
 19   2
 19   4
 19   5
 19   8
 19   14
 19   16
 19   18
 20   1
 20   3
 20   6
 20   7
 20   9
 20   10
 20   12
 20   13
 20   15
 20   17
