 1   3
 1   4
 1   6
 1   8
 1   10
 1   11
 1   12
 1   13
 1   16
 1   18
 1   20
 2   5
 2   7
 2   9
 2   13
 2   14
 2   15
 2   17
 2   19
 3   1
 3   4
 3   6
 3   8
 3   10
 3   11
 3   13
 3   16
 3   18
 3   20
 4   1
 4   3
 4   6
 4   8
 4   10
 4   11
 4   16
 4   18
 4   20
 5   2
 5   9
 5   12
 5   13
 5   14
 5   15
 5   17
 6   1
 6   3
 6   4
 6   10
 6   16
 6   18
 6   20
 7   2
 7   9
 7   13
 7   14
 7   15
 7   17
 8   1
 8   3
 8   4
 8   10
 8   11
 8   16
 8   18
 8   20
 9   2
 9   5
 9   7
 9   13
 9   14
 9   15
 9   17
 10   1
 10   3
 10   4
 10   6
 10   8
 10   11
 10   15
 10   16
 10   17
 10   18
 10   20
 11   1
 11   3
 11   4
 11   8
 11   10
 11   16
 11   18
 11   20
 12   1
 12   5
 12   13
 12   14
 12   15
 12   17
 12   18
 12   19
 13   1
 13   2
 13   3
 13   5
 13   7
 13   9
 13   12
 13   14
 13   15
 13   17
 13   19
 14   2
 14   5
 14   7
 14   9
 14   12
 14   13
 14   15
 14   17
 14   19
 15   2
 15   5
 15   7
 15   9
 15   10
 15   12
 15   13
 15   14
 15   17
 15   19
 15   20
 16   1
 16   3
 16   4
 16   6
 16   8
 16   10
 16   11
 16   18
 16   20
 17   2
 17   5
 17   7
 17   9
 17   10
 17   12
 17   13
 17   14
 17   15
 17   19
 18   1
 18   3
 18   4
 18   6
 18   8
 18   10
 18   11
 18   12
 18   16
 18   20
 19   2
 19   12
 19   13
 19   14
 19   15
 19   17
 19   20
 20   1
 20   3
 20   4
 20   6
 20   8
 20   10
 20   11
 20   15
 20   16
 20   18
 20   19
