 1   2
 1   3
 1   7
 1   10
 1   12
 1   15
 1   17
 1   20
 2   1
 2   3
 2   4
 2   7
 2   10
 2   12
 2   15
 2   16
 2   17
 3   1
 3   2
 3   9
 3   10
 3   12
 3   15
 3   16
 3   17
 3   18
 4   2
 4   5
 4   6
 4   7
 4   8
 4   9
 4   11
 4   13
 4   14
 4   19
 5   4
 5   6
 5   7
 5   8
 5   9
 5   11
 5   13
 5   14
 5   19
 6   4
 6   5
 6   7
 6   9
 6   10
 6   11
 6   13
 6   14
 6   19
 7   1
 7   2
 7   4
 7   5
 7   6
 7   8
 7   9
 7   11
 7   13
 7   14
 7   16
 7   19
 8   4
 8   5
 8   7
 8   9
 8   11
 8   13
 8   14
 8   19
 9   3
 9   4
 9   5
 9   6
 9   7
 9   8
 9   10
 9   11
 9   13
 9   14
 9   19
 10   1
 10   2
 10   3
 10   6
 10   9
 10   12
 10   13
 10   15
 10   16
 10   17
 10   18
 10   20
 11   4
 11   5
 11   6
 11   7
 11   8
 11   9
 11   13
 11   14
 11   19
 12   1
 12   2
 12   3
 12   10
 12   15
 12   16
 12   17
 12   18
 12   20
 13   4
 13   5
 13   6
 13   7
 13   8
 13   9
 13   10
 13   11
 13   14
 13   19
 14   4
 14   5
 14   6
 14   7
 14   8
 14   9
 14   11
 14   13
 14   19
 15   1
 15   2
 15   3
 15   10
 15   12
 15   16
 15   17
 15   18
 15   20
 16   2
 16   3
 16   7
 16   10
 16   12
 16   15
 16   17
 16   18
 16   20
 17   1
 17   2
 17   3
 17   10
 17   12
 17   15
 17   16
 17   18
 17   20
 18   3
 18   10
 18   12
 18   15
 18   16
 18   17
 19   4
 19   5
 19   6
 19   7
 19   8
 19   9
 19   11
 19   13
 19   14
 20   1
 20   10
 20   12
 20   15
 20   16
 20   17
