 1   2
 1   3
 1   4
 1   5
 1   7
 1   13
 1   16
 1   17
 1   20
 2   1
 2   3
 2   4
 2   5
 2   7
 2   13
 2   16
 2   17
 2   18
 2   20
 3   1
 3   2
 3   4
 3   5
 3   7
 3   10
 3   13
 3   16
 3   17
 3   20
 4   1
 4   2
 4   3
 4   7
 4   10
 4   13
 4   16
 4   17
 4   19
 4   20
 5   1
 5   2
 5   3
 5   7
 5   13
 5   16
 5   17
 5   20
 6   8
 6   9
 6   10
 6   11
 6   12
 6   14
 6   15
 6   16
 6   18
 6   19
 7   1
 7   2
 7   3
 7   4
 7   5
 7   8
 7   13
 7   16
 7   17
 7   20
 8   6
 8   7
 8   9
 8   10
 8   11
 8   14
 8   15
 8   18
 8   19
 9   6
 9   8
 9   10
 9   11
 9   12
 9   14
 9   15
 9   16
 9   18
 9   19
 9   20
 10   3
 10   4
 10   6
 10   8
 10   9
 10   11
 10   12
 10   14
 10   15
 10   19
 11   6
 11   8
 11   9
 11   10
 11   12
 11   14
 11   15
 11   18
 11   19
 12   6
 12   9
 12   10
 12   11
 12   15
 12   18
 12   19
 13   1
 13   2
 13   3
 13   4
 13   5
 13   7
 13   17
 13   20
 14   6
 14   8
 14   9
 14   10
 14   11
 14   15
 14   18
 14   19
 15   6
 15   8
 15   9
 15   10
 15   11
 15   12
 15   14
 15   18
 15   19
 16   1
 16   2
 16   3
 16   4
 16   5
 16   6
 16   7
 16   9
 16   17
 16   20
 17   1
 17   2
 17   3
 17   4
 17   5
 17   7
 17   13
 17   16
 18   2
 18   6
 18   8
 18   9
 18   11
 18   12
 18   14
 18   15
 18   19
 19   4
 19   6
 19   8
 19   9
 19   10
 19   11
 19   12
 19   14
 19   15
 19   18
 20   1
 20   2
 20   3
 20   4
 20   5
 20   7
 20   9
 20   13
 20   16
