 1   6
 1   7
 1   8
 1   10
 1   14
 1   15
 1   16
 2   4
 2   6
 2   7
 2   10
 2   13
 2   14
 2   15
 2   16
 3   5
 3   9
 3   11
 3   12
 3   13
 3   14
 3   17
 3   18
 3   19
 3   20
 4   2
 4   6
 4   8
 4   10
 4   14
 4   15
 4   16
 4   20
 5   3
 5   11
 5   12
 5   13
 5   16
 5   17
 5   18
 5   19
 5   20
 6   1
 6   2
 6   4
 6   7
 6   8
 6   10
 6   14
 6   15
 6   16
 6   19
 6   20
 7   1
 7   2
 7   6
 7   8
 7   10
 7   14
 7   15
 7   16
 8   1
 8   4
 8   6
 8   7
 8   10
 8   14
 9   3
 9   11
 9   12
 9   13
 9   17
 9   18
 9   19
 9   20
 10   1
 10   2
 10   4
 10   6
 10   7
 10   8
 10   14
 10   15
 10   16
 11   3
 11   5
 11   9
 11   12
 11   13
 11   15
 11   16
 11   17
 11   18
 11   19
 11   20
 12   3
 12   5
 12   9
 12   11
 12   13
 12   17
 12   18
 12   19
 12   20
 13   2
 13   3
 13   5
 13   9
 13   11
 13   12
 13   17
 13   19
 13   20
 14   1
 14   2
 14   3
 14   4
 14   6
 14   7
 14   8
 14   10
 14   15
 14   16
 15   1
 15   2
 15   4
 15   6
 15   7
 15   10
 15   11
 15   14
 15   16
 16   1
 16   2
 16   4
 16   5
 16   6
 16   7
 16   10
 16   11
 16   14
 16   15
 17   3
 17   5
 17   9
 17   11
 17   12
 17   13
 17   19
 17   20
 18   3
 18   5
 18   9
 18   11
 18   12
 18   19
 19   3
 19   5
 19   6
 19   9
 19   11
 19   12
 19   13
 19   17
 19   18
 19   20
 20   3
 20   4
 20   5
 20   6
 20   9
 20   11
 20   12
 20   13
 20   17
 20   19
