 1   2
 1   4
 1   5
 1   6
 1   8
 1   12
 1   17
 1   18
 1   19
 2   1
 2   6
 2   8
 2   10
 2   12
 2   17
 2   18
 2   19
 3   4
 3   7
 3   9
 3   13
 3   14
 3   15
 3   20
 4   1
 4   3
 4   7
 4   9
 4   11
 4   13
 4   14
 4   16
 4   20
 5   1
 5   6
 5   10
 5   16
 5   17
 5   18
 5   19
 6   1
 6   2
 6   5
 6   8
 6   9
 6   10
 6   17
 6   18
 6   19
 7   3
 7   4
 7   9
 7   11
 7   12
 7   13
 7   14
 7   15
 7   16
 7   18
 7   20
 8   1
 8   2
 8   6
 8   10
 8   12
 8   17
 8   18
 9   3
 9   4
 9   6
 9   7
 9   11
 9   13
 9   14
 9   15
 9   16
 9   20
 10   2
 10   5
 10   6
 10   8
 10   12
 10   13
 10   15
 10   17
 10   18
 10   19
 11   4
 11   7
 11   9
 11   14
 11   15
 11   20
 12   1
 12   2
 12   7
 12   8
 12   10
 12   17
 12   18
 12   19
 13   3
 13   4
 13   7
 13   9
 13   10
 13   14
 13   15
 13   16
 13   20
 14   3
 14   4
 14   7
 14   9
 14   11
 14   13
 14   15
 14   20
 15   3
 15   7
 15   9
 15   10
 15   11
 15   13
 15   14
 15   16
 15   20
 16   4
 16   5
 16   7
 16   9
 16   13
 16   15
 16   20
 17   1
 17   2
 17   5
 17   6
 17   8
 17   10
 17   12
 17   18
 17   20
 18   1
 18   2
 18   5
 18   6
 18   7
 18   8
 18   10
 18   12
 18   17
 18   19
 19   1
 19   2
 19   5
 19   6
 19   10
 19   12
 19   18
 20   3
 20   4
 20   7
 20   9
 20   11
 20   13
 20   14
 20   15
 20   16
 20   17
