 1   2
 1   4
 1   5
 1   7
 1   8
 1   9
 1   12
 1   14
 1   16
 2   1
 2   4
 2   5
 2   7
 2   8
 2   11
 2   12
 2   14
 2   16
 3   4
 3   6
 3   10
 3   11
 3   13
 3   15
 3   18
 3   20
 4   1
 4   2
 4   3
 4   5
 4   7
 4   8
 4   14
 4   16
 5   1
 5   2
 5   4
 5   7
 5   8
 5   9
 5   12
 5   14
 6   3
 6   10
 6   11
 6   13
 6   17
 6   18
 6   19
 6   20
 7   1
 7   2
 7   4
 7   5
 7   8
 7   9
 7   12
 7   16
 7   17
 8   1
 8   2
 8   4
 8   5
 8   7
 8   9
 8   10
 8   12
 8   14
 8   16
 9   1
 9   5
 9   7
 9   8
 9   12
 9   14
 9   16
 10   3
 10   6
 10   8
 10   11
 10   13
 10   15
 10   17
 10   18
 10   19
 10   20
 11   2
 11   3
 11   6
 11   10
 11   13
 11   15
 11   17
 11   18
 11   19
 11   20
 12   1
 12   2
 12   5
 12   7
 12   8
 12   9
 12   14
 12   16
 12   19
 13   3
 13   6
 13   10
 13   11
 13   14
 13   17
 13   18
 13   20
 14   1
 14   2
 14   4
 14   5
 14   8
 14   9
 14   12
 14   13
 14   16
 14   18
 15   3
 15   10
 15   11
 15   17
 15   18
 15   20
 16   1
 16   2
 16   4
 16   7
 16   8
 16   9
 16   12
 16   14
 16   17
 17   6
 17   7
 17   10
 17   11
 17   13
 17   15
 17   16
 17   18
 17   19
 17   20
 18   3
 18   6
 18   10
 18   11
 18   13
 18   14
 18   15
 18   17
 18   19
 18   20
 19   6
 19   10
 19   11
 19   12
 19   17
 19   18
 19   20
 20   3
 20   6
 20   10
 20   11
 20   13
 20   15
 20   17
 20   18
 20   19
