 1   2
 1   4
 1   6
 1   8
 1   10
 1   11
 1   13
 1   18
 1   19
 2   1
 2   3
 2   4
 2   6
 2   8
 2   10
 2   11
 2   13
 2   16
 2   18
 2   19
 3   2
 3   5
 3   7
 3   9
 3   12
 3   14
 3   15
 3   16
 3   17
 3   20
 4   1
 4   2
 4   6
 4   8
 4   10
 4   11
 4   13
 4   16
 4   18
 4   19
 5   3
 5   7
 5   10
 5   12
 5   13
 5   14
 5   15
 5   17
 5   20
 6   1
 6   2
 6   4
 6   10
 6   11
 6   13
 6   18
 6   19
 7   3
 7   5
 7   9
 7   12
 7   14
 7   16
 7   17
 7   20
 8   1
 8   2
 8   4
 8   10
 8   11
 8   13
 8   18
 8   19
 9   3
 9   7
 9   12
 9   14
 9   15
 9   16
 9   17
 9   20
 10   1
 10   2
 10   4
 10   5
 10   6
 10   8
 10   11
 10   12
 10   13
 10   14
 10   18
 10   19
 11   1
 11   2
 11   4
 11   6
 11   8
 11   10
 11   13
 11   18
 11   19
 12   3
 12   5
 12   7
 12   9
 12   10
 12   14
 12   15
 12   16
 12   17
 13   1
 13   2
 13   4
 13   5
 13   6
 13   8
 13   10
 13   11
 13   18
 13   19
 14   3
 14   5
 14   7
 14   9
 14   10
 14   12
 14   15
 14   16
 14   17
 14   20
 15   3
 15   5
 15   9
 15   12
 15   14
 15   17
 15   20
 16   2
 16   3
 16   4
 16   7
 16   9
 16   12
 16   14
 16   17
 16   18
 16   20
 17   3
 17   5
 17   7
 17   9
 17   12
 17   14
 17   15
 17   16
 17   20
 18   1
 18   2
 18   4
 18   6
 18   8
 18   10
 18   11
 18   13
 18   16
 18   19
 19   1
 19   2
 19   4
 19   6
 19   8
 19   10
 19   11
 19   13
 19   18
 20   3
 20   5
 20   7
 20   9
 20   14
 20   15
 20   16
 20   17
