 1   3
 1   4
 1   5
 1   6
 1   8
 1   9
 1   10
 1   12
 1   17
 1   20
 2   4
 2   5
 2   7
 2   10
 2   11
 2   13
 2   15
 2   16
 2   19
 3   1
 3   5
 3   6
 3   8
 3   9
 3   12
 3   13
 3   14
 3   17
 3   20
 4   1
 4   2
 4   7
 4   10
 4   11
 4   15
 4   16
 4   19
 5   1
 5   2
 5   3
 5   6
 5   8
 5   9
 5   14
 5   17
 5   20
 6   1
 6   3
 6   5
 6   8
 6   9
 6   12
 6   14
 6   15
 6   17
 6   20
 7   2
 7   4
 7   10
 7   11
 7   15
 7   16
 7   18
 7   19
 8   1
 8   3
 8   5
 8   6
 8   9
 8   12
 8   14
 8   17
 8   19
 8   20
 9   1
 9   3
 9   5
 9   6
 9   8
 9   12
 9   14
 9   20
 10   1
 10   2
 10   4
 10   7
 10   11
 10   13
 10   15
 10   16
 10   18
 10   19
 11   2
 11   4
 11   7
 11   10
 11   13
 11   15
 11   16
 11   17
 11   18
 11   19
 12   1
 12   3
 12   6
 12   8
 12   9
 12   14
 12   17
 12   19
 12   20
 13   2
 13   3
 13   10
 13   11
 13   16
 13   18
 13   19
 14   3
 14   5
 14   6
 14   8
 14   9
 14   12
 14   17
 14   20
 15   2
 15   4
 15   6
 15   7
 15   10
 15   11
 15   16
 15   18
 15   19
 16   2
 16   4
 16   7
 16   10
 16   11
 16   13
 16   15
 16   18
 16   19
 17   1
 17   3
 17   5
 17   6
 17   8
 17   11
 17   12
 17   14
 17   20
 18   7
 18   10
 18   11
 18   13
 18   15
 18   16
 18   19
 19   2
 19   4
 19   7
 19   8
 19   10
 19   11
 19   12
 19   13
 19   15
 19   16
 19   18
 20   1
 20   3
 20   5
 20   6
 20   8
 20   9
 20   12
 20   14
 20   17
