 1   3
 1   4
 1   5
 1   7
 1   8
 1   11
 1   13
 1   14
 1   16
 1   17
 1   19
 1   20
 2   6
 2   9
 2   10
 2   13
 2   15
 2   18
 2   20
 3   1
 3   4
 3   5
 3   7
 3   8
 3   14
 3   16
 3   17
 3   19
 4   1
 4   3
 4   5
 4   7
 4   8
 4   11
 4   14
 4   16
 4   17
 4   19
 5   1
 5   3
 5   4
 5   7
 5   8
 5   9
 5   14
 5   16
 5   17
 5   18
 5   19
 6   2
 6   9
 6   10
 6   11
 6   12
 6   13
 6   15
 6   20
 7   1
 7   3
 7   4
 7   5
 7   8
 7   14
 7   16
 7   17
 7   19
 8   1
 8   3
 8   4
 8   5
 8   7
 8   14
 8   16
 8   17
 8   18
 8   19
 9   2
 9   5
 9   6
 9   10
 9   11
 9   13
 9   15
 9   18
 9   20
 10   2
 10   6
 10   9
 10   11
 10   12
 10   13
 10   15
 10   18
 10   20
 11   1
 11   4
 11   6
 11   9
 11   10
 11   13
 11   15
 11   18
 11   20
 12   6
 12   10
 12   13
 12   20
 13   1
 13   2
 13   6
 13   9
 13   10
 13   11
 13   12
 13   15
 13   18
 13   20
 14   1
 14   3
 14   4
 14   5
 14   7
 14   8
 14   16
 14   17
 14   19
 15   2
 15   6
 15   9
 15   10
 15   11
 15   13
 15   18
 15   20
 16   1
 16   3
 16   4
 16   5
 16   7
 16   8
 16   14
 16   17
 16   18
 16   19
 17   1
 17   3
 17   4
 17   5
 17   7
 17   8
 17   14
 17   16
 17   19
 18   2
 18   5
 18   8
 18   9
 18   10
 18   11
 18   13
 18   15
 18   16
 18   20
 19   1
 19   3
 19   4
 19   5
 19   7
 19   8
 19   14
 19   16
 19   17
 20   1
 20   2
 20   6
 20   9
 20   10
 20   11
 20   12
 20   13
 20   15
 20   18
