 1   3
 1   4
 1   5
 1   6
 1   7
 1   10
 1   14
 1   15
 1   20
 2   9
 2   12
 2   13
 2   15
 2   16
 2   18
 2   19
 2   20
 3   1
 3   4
 3   5
 3   6
 3   7
 3   14
 3   15
 3   17
 4   1
 4   3
 4   5
 4   6
 4   9
 4   10
 4   14
 4   15
 5   1
 5   3
 5   4
 5   6
 5   7
 5   10
 5   14
 5   15
 5   17
 6   1
 6   3
 6   4
 6   5
 6   7
 6   10
 6   14
 6   15
 6   16
 6   17
 7   1
 7   3
 7   5
 7   6
 7   8
 7   10
 7   14
 7   15
 7   17
 8   7
 8   9
 8   11
 8   12
 8   13
 8   16
 8   18
 8   19
 8   20
 9   2
 9   4
 9   8
 9   12
 9   13
 9   16
 9   18
 9   19
 9   20
 10   1
 10   4
 10   5
 10   6
 10   7
 10   11
 10   14
 10   15
 10   17
 11   8
 11   10
 11   12
 11   13
 11   16
 11   18
 11   19
 11   20
 12   2
 12   8
 12   9
 12   11
 12   13
 12   16
 12   18
 12   20
 13   2
 13   8
 13   9
 13   11
 13   12
 13   16
 13   18
 13   19
 13   20
 14   1
 14   3
 14   4
 14   5
 14   6
 14   7
 14   10
 14   15
 14   17
 14   19
 15   1
 15   2
 15   3
 15   4
 15   5
 15   6
 15   7
 15   10
 15   14
 15   17
 16   2
 16   6
 16   8
 16   9
 16   11
 16   12
 16   13
 16   18
 16   19
 16   20
 17   3
 17   5
 17   6
 17   7
 17   10
 17   14
 17   15
 17   18
 18   2
 18   8
 18   9
 18   11
 18   12
 18   13
 18   16
 18   17
 18   19
 18   20
 19   2
 19   8
 19   9
 19   11
 19   13
 19   14
 19   16
 19   18
 19   20
 20   1
 20   2
 20   8
 20   9
 20   11
 20   12
 20   13
 20   16
 20   18
 20   19
