 1   2
 1   3
 1   6
 1   10
 1   11
 1   13
 1   18
 1   19
 2   1
 2   6
 2   9
 2   10
 2   13
 2   14
 2   18
 2   19
 3   1
 3   5
 3   6
 3   8
 3   9
 3   10
 3   13
 3   14
 3   18
 3   19
 4   5
 4   7
 4   8
 4   11
 4   12
 4   15
 4   16
 4   17
 4   20
 5   3
 5   4
 5   7
 5   8
 5   11
 5   12
 5   15
 5   16
 5   17
 5   20
 6   1
 6   2
 6   3
 6   9
 6   10
 6   12
 6   13
 6   14
 6   18
 6   19
 7   4
 7   5
 7   8
 7   11
 7   12
 7   15
 7   17
 7   20
 8   3
 8   4
 8   5
 8   7
 8   11
 8   12
 8   15
 8   16
 8   17
 8   20
 9   2
 9   3
 9   6
 9   10
 9   14
 9   19
 10   1
 10   2
 10   3
 10   6
 10   9
 10   14
 10   18
 10   19
 11   1
 11   4
 11   5
 11   7
 11   8
 11   12
 11   15
 11   16
 11   17
 11   20
 12   4
 12   5
 12   6
 12   7
 12   8
 12   11
 12   15
 12   16
 12   17
 12   19
 12   20
 13   1
 13   2
 13   3
 13   6
 13   14
 13   17
 13   18
 13   19
 14   2
 14   3
 14   6
 14   9
 14   10
 14   13
 14   18
 14   19
 15   4
 15   5
 15   7
 15   8
 15   11
 15   12
 15   17
 15   20
 16   4
 16   5
 16   8
 16   11
 16   12
 16   17
 16   20
 17   4
 17   5
 17   7
 17   8
 17   11
 17   12
 17   13
 17   15
 17   16
 17   20
 18   1
 18   2
 18   3
 18   6
 18   10
 18   13
 18   14
 18   19
 19   1
 19   2
 19   3
 19   6
 19   9
 19   10
 19   12
 19   13
 19   14
 19   18
 20   4
 20   5
 20   7
 20   8
 20   11
 20   12
 20   15
 20   16
 20   17
