 1   2
 1   4
 1   6
 1   9
 1   10
 1   12
 1   17
 1   20
 2   1
 2   4
 2   6
 2   10
 2   12
 2   17
 2   18
 2   20
 3   5
 3   7
 3   8
 3   9
 3   11
 3   13
 3   14
 3   15
 3   16
 4   1
 4   2
 4   5
 4   6
 4   9
 4   10
 4   11
 4   12
 4   17
 4   18
 4   20
 5   3
 5   4
 5   7
 5   11
 5   13
 5   14
 5   15
 5   16
 5   19
 6   1
 6   2
 6   4
 6   10
 6   12
 6   17
 6   18
 6   20
 7   3
 7   5
 7   8
 7   10
 7   11
 7   13
 7   14
 7   16
 7   18
 7   19
 8   3
 8   7
 8   11
 8   13
 8   14
 8   15
 8   16
 8   19
 9   1
 9   3
 9   4
 9   10
 9   12
 9   17
 9   18
 9   20
 10   1
 10   2
 10   4
 10   6
 10   7
 10   9
 10   12
 10   17
 10   18
 10   20
 11   3
 11   4
 11   5
 11   7
 11   8
 11   13
 11   14
 11   15
 11   19
 12   1
 12   2
 12   4
 12   6
 12   9
 12   10
 12   17
 12   18
 12   20
 13   3
 13   5
 13   7
 13   8
 13   11
 13   14
 13   15
 13   16
 13   19
 14   3
 14   5
 14   7
 14   8
 14   11
 14   13
 14   15
 14   16
 14   17
 14   19
 15   3
 15   5
 15   8
 15   11
 15   13
 15   14
 15   16
 16   3
 16   5
 16   7
 16   8
 16   13
 16   14
 16   15
 16   19
 17   1
 17   2
 17   4
 17   6
 17   9
 17   10
 17   12
 17   14
 17   18
 17   20
 18   2
 18   4
 18   6
 18   7
 18   9
 18   10
 18   12
 18   17
 19   5
 19   7
 19   8
 19   11
 19   13
 19   14
 19   16
 20   1
 20   2
 20   4
 20   6
 20   9
 20   10
 20   12
 20   17
