 1   4
 1   7
 1   10
 1   12
 1   13
 1   15
 1   16
 1   17
 1   18
 1   19
 1   20
 2   3
 2   5
 2   6
 2   8
 2   9
 2   11
 2   13
 2   14
 2   17
 2   18
 2   19
 3   2
 3   5
 3   6
 3   8
 3   9
 3   11
 3   14
 3   17
 3   19
 4   1
 4   7
 4   12
 4   13
 4   15
 4   16
 4   18
 4   20
 5   2
 5   3
 5   6
 5   8
 5   9
 5   11
 5   14
 5   17
 5   19
 6   2
 6   3
 6   5
 6   8
 6   11
 6   13
 6   14
 6   17
 6   19
 7   1
 7   4
 7   10
 7   12
 7   13
 7   15
 7   16
 7   18
 7   20
 8   2
 8   3
 8   5
 8   6
 8   9
 8   11
 8   14
 8   17
 8   19
 9   2
 9   3
 9   5
 9   8
 9   11
 9   13
 9   14
 9   19
 10   1
 10   7
 10   12
 10   13
 10   15
 10   16
 10   18
 10   20
 11   2
 11   3
 11   5
 11   6
 11   8
 11   9
 11   14
 11   19
 12   1
 12   4
 12   7
 12   10
 12   15
 12   16
 12   17
 12   18
 12   20
 13   1
 13   2
 13   4
 13   6
 13   7
 13   9
 13   10
 13   15
 13   16
 13   18
 13   20
 14   2
 14   3
 14   5
 14   6
 14   8
 14   9
 14   11
 14   17
 14   19
 15   1
 15   4
 15   7
 15   10
 15   12
 15   13
 15   16
 15   18
 15   20
 16   1
 16   4
 16   7
 16   10
 16   12
 16   13
 16   15
 16   18
 16   20
 17   1
 17   2
 17   3
 17   5
 17   6
 17   8
 17   12
 17   14
 17   19
 17   20
 18   1
 18   2
 18   4
 18   7
 18   10
 18   12
 18   13
 18   15
 18   16
 18   20
 19   1
 19   2
 19   3
 19   5
 19   6
 19   8
 19   9
 19   11
 19   14
 19   17
 20   1
 20   4
 20   7
 20   10
 20   12
 20   13
 20   15
 20   16
 20   17
 20   18
