 1   5
 1   6
 1   9
 1   11
 1   13
 1   16
 1   18
 1   19
 2   3
 2   4
 2   7
 2   8
 2   10
 2   12
 2   15
 2   16
 3   2
 3   5
 3   8
 3   10
 3   12
 3   14
 3   17
 3   18
 4   2
 4   8
 4   10
 4   12
 4   14
 4   16
 4   17
 5   1
 5   3
 5   6
 5   9
 5   11
 5   13
 5   16
 5   18
 5   20
 6   1
 6   5
 6   11
 6   16
 6   18
 6   19
 6   20
 7   2
 7   8
 7   9
 7   10
 7   12
 7   14
 7   15
 8   2
 8   3
 8   4
 8   7
 8   10
 8   12
 8   14
 8   15
 8   17
 9   1
 9   5
 9   7
 9   11
 9   13
 9   16
 9   18
 9   19
 9   20
 10   2
 10   3
 10   4
 10   7
 10   8
 10   12
 10   15
 10   17
 11   1
 11   5
 11   6
 11   9
 11   13
 11   16
 11   18
 11   19
 11   20
 12   2
 12   3
 12   4
 12   7
 12   8
 12   10
 12   14
 12   15
 12   17
 13   1
 13   5
 13   9
 13   11
 13   16
 13   18
 13   19
 13   20
 14   3
 14   4
 14   7
 14   8
 14   12
 14   15
 14   17
 15   2
 15   7
 15   8
 15   10
 15   12
 15   14
 15   17
 16   1
 16   2
 16   4
 16   5
 16   6
 16   9
 16   11
 16   13
 16   19
 16   20
 17   3
 17   4
 17   8
 17   10
 17   12
 17   14
 17   15
 17   19
 18   1
 18   3
 18   5
 18   6
 18   9
 18   11
 18   13
 18   19
 19   1
 19   6
 19   9
 19   11
 19   13
 19   16
 19   17
 19   18
 19   20
 20   5
 20   6
 20   9
 20   11
 20   13
 20   16
 20   19
