 1   2
 1   4
 1   7
 1   8
 1   11
 1   12
 1   13
 1   15
 1   19
 2   1
 2   7
 2   8
 2   10
 2   11
 2   12
 2   16
 3   5
 3   6
 3   9
 3   12
 3   14
 3   18
 3   19
 3   20
 4   1
 4   8
 4   10
 4   11
 4   12
 4   13
 4   15
 4   19
 5   3
 5   6
 5   9
 5   16
 5   18
 5   20
 6   3
 6   5
 6   7
 6   9
 6   14
 6   16
 6   17
 6   18
 7   1
 7   2
 7   6
 7   9
 7   14
 7   15
 7   16
 7   17
 7   18
 7   20
 8   1
 8   2
 8   4
 8   10
 8   11
 8   12
 8   13
 8   15
 8   19
 9   3
 9   5
 9   6
 9   7
 9   14
 9   16
 9   17
 9   18
 9   20
 10   2
 10   4
 10   8
 10   11
 10   13
 10   15
 10   19
 11   1
 11   2
 11   4
 11   8
 11   10
 11   12
 11   13
 11   15
 11   19
 12   1
 12   2
 12   3
 12   4
 12   8
 12   11
 12   13
 12   17
 12   18
 12   19
 13   1
 13   4
 13   8
 13   10
 13   11
 13   12
 13   15
 13   19
 14   3
 14   6
 14   7
 14   9
 14   16
 14   17
 14   18
 14   20
 15   1
 15   4
 15   7
 15   8
 15   10
 15   11
 15   13
 15   19
 16   2
 16   5
 16   6
 16   7
 16   9
 16   14
 16   17
 16   18
 16   20
 17   6
 17   7
 17   9
 17   12
 17   14
 17   16
 17   18
 18   3
 18   5
 18   6
 18   7
 18   9
 18   12
 18   14
 18   16
 18   17
 18   20
 19   1
 19   3
 19   4
 19   8
 19   10
 19   11
 19   12
 19   13
 19   15
 20   3
 20   5
 20   7
 20   9
 20   14
 20   16
 20   18
