 1   2
 1   3
 1   5
 1   6
 1   8
 1   11
 1   12
 1   15
 1   17
 2   1
 2   3
 2   5
 2   12
 2   13
 2   15
 2   16
 2   17
 3   1
 3   2
 3   5
 3   8
 3   11
 3   12
 3   13
 3   14
 3   15
 3   17
 3   18
 4   6
 4   7
 4   9
 4   10
 4   11
 4   14
 4   16
 4   17
 4   18
 4   19
 4   20
 5   1
 5   2
 5   3
 5   8
 5   11
 5   12
 5   13
 5   15
 5   17
 5   19
 6   1
 6   4
 6   7
 6   9
 6   10
 6   14
 6   16
 6   18
 6   19
 6   20
 7   4
 7   6
 7   9
 7   10
 7   12
 7   16
 7   18
 7   19
 7   20
 8   1
 8   3
 8   5
 8   11
 8   12
 8   13
 8   15
 8   17
 9   4
 9   6
 9   7
 9   10
 9   14
 9   16
 9   19
 9   20
 10   4
 10   6
 10   7
 10   9
 10   14
 10   16
 10   18
 10   19
 11   1
 11   3
 11   4
 11   5
 11   8
 11   12
 11   13
 11   15
 11   17
 12   1
 12   2
 12   3
 12   5
 12   7
 12   8
 12   11
 12   15
 12   17
 13   2
 13   3
 13   5
 13   8
 13   11
 13   15
 13   17
 14   3
 14   4
 14   6
 14   9
 14   10
 14   16
 14   18
 14   19
 14   20
 15   1
 15   2
 15   3
 15   5
 15   8
 15   11
 15   12
 15   13
 16   2
 16   4
 16   6
 16   7
 16   9
 16   10
 16   14
 16   18
 16   19
 16   20
 17   1
 17   2
 17   3
 17   4
 17   5
 17   8
 17   11
 17   12
 17   13
 18   3
 18   4
 18   6
 18   7
 18   10
 18   14
 18   16
 18   19
 18   20
 19   4
 19   5
 19   6
 19   7
 19   9
 19   10
 19   14
 19   16
 19   18
 19   20
 20   4
 20   6
 20   7
 20   9
 20   14
 20   16
 20   18
 20   19
