 1   2
 1   3
 1   4
 1   6
 1   8
 1   9
 1   10
 1   12
 1   17
 1   20
 2   1
 2   4
 2   6
 2   8
 2   9
 2   10
 2   12
 2   17
 3   1
 3   4
 3   6
 3   8
 3   9
 3   10
 3   12
 3   17
 4   1
 4   2
 4   3
 4   6
 4   8
 4   9
 4   10
 4   11
 4   12
 4   17
 5   11
 5   13
 5   14
 5   15
 5   16
 5   18
 5   19
 5   20
 6   1
 6   2
 6   3
 6   4
 6   8
 6   9
 6   10
 6   12
 6   17
 7   14
 7   16
 7   18
 7   19
 8   1
 8   2
 8   3
 8   4
 8   6
 8   9
 8   10
 8   12
 8   14
 8   16
 8   17
 8   19
 9   1
 9   2
 9   3
 9   4
 9   6
 9   8
 9   10
 9   12
 9   17
 10   1
 10   2
 10   3
 10   4
 10   6
 10   8
 10   9
 10   12
 10   17
 10   20
 11   4
 11   5
 11   13
 11   14
 11   16
 11   18
 11   19
 11   20
 12   1
 12   2
 12   3
 12   4
 12   6
 12   8
 12   9
 12   10
 12   17
 12   20
 13   5
 13   11
 13   14
 13   16
 13   18
 13   19
 13   20
 14   5
 14   7
 14   8
 14   11
 14   13
 14   15
 14   16
 14   18
 14   19
 15   5
 15   14
 15   16
 15   17
 15   19
 15   20
 16   5
 16   7
 16   8
 16   11
 16   13
 16   14
 16   15
 16   18
 16   19
 16   20
 17   1
 17   2
 17   3
 17   4
 17   6
 17   8
 17   9
 17   10
 17   12
 17   15
 18   5
 18   7
 18   11
 18   13
 18   14
 18   16
 18   19
 18   20
 19   5
 19   7
 19   8
 19   11
 19   13
 19   14
 19   15
 19   16
 19   18
 19   20
 20   1
 20   5
 20   10
 20   11
 20   12
 20   13
 20   15
 20   16
 20   18
 20   19
